168	216
168	3
168	1
168	423
168	37
168	451
168	27
168	19
168	430
168	13
168	404
168	352
168	20
168	188
168	435
168	146
168	24
168	298
168	178
168	3
168	1
168	325
168	37
168	46
168	398
168	361
168	23
168	6
168	79
168	5
168	108
168	324
168	422
168	364
168	286
168	379
168	30
168	41
168	178
168	112
168	55
168	45
168	344
169	158
169	37
169	16
169	85
169	287
169	431
169	161
169	298
169	478
169	429
169	479
169	35
169	12
169	251
169	206
169	315
169	165
169	389
169	419
169	74
169	456
169	9
169	11
169	136
169	7
169	64
169	76
169	116
169	233
169	239
169	3
169	8
169	15
169	108
169	203
169	37
169	435
169	389
170	355
170	232
170	74
170	109
170	42
170	216
170	458
170	403
170	169
170	135
170	0
170	145
170	2
170	70
170	50
170	260
170	19
170	421
170	1
170	198
170	475
170	193
170	161
170	350
170	0
170	17
170	313
170	59
170	110
170	358
170	165
170	203
170	106
170	342
170	157
170	463
170	57
170	154
170	495
170	129
170	316
170	305
170	392
171	17
171	301
171	15
171	137
171	71
171	16
171	215
171	133
171	366
171	47
171	0
171	164
171	101
171	198
171	77
171	449
171	9
171	308
171	3
171	4
171	7
171	373
171	401
171	25
171	385
171	261
171	421
171	46
171	75
171	7
171	162
171	205
171	199
171	121
171	53
171	5
171	43
171	440
171	287
171	16
172	20
172	76
172	30
172	106
172	17
172	108
172	118
172	272
172	84
172	29
172	449
172	20
172	341
172	307
172	15
172	460
172	55
172	81
172	443
172	54
172	164
172	154
172	477
172	3
172	85
172	11
172	171
172	327
172	75
172	375
172	5
172	30
172	5
172	358
172	292
172	32
172	3
172	283
172	2
173	266
173	451
173	57
173	458
173	44
173	26
173	22
173	4
173	1
173	46
173	177
173	239
173	18
173	302
173	245
173	394
173	172
173	406
173	88
173	224
173	9
173	410
173	416
173	15
173	40
173	69
173	259
173	367
173	93
173	17
173	432
173	90
173	225
173	1
173	336
173	480
173	32
173	171
173	290
173	9
174	84
174	309
174	273
174	402
174	364
174	6
174	179
174	267
174	230
174	179
174	44
174	8
174	50
174	48
174	8
174	458
174	76
174	140
174	197
174	187
174	50
174	128
174	282
174	143
174	3
174	337
174	77
174	71
174	73
174	334
174	479
174	386
174	397
174	31
174	282
174	36
174	228
174	26
174	391
174	318
174	353
175	236
175	462
175	207
175	52
175	42
175	10
175	35
175	169
175	116
175	28
175	10
175	309
175	3
175	26
175	64
175	28
175	408
175	297
175	16
175	230
175	271
175	73
175	82
175	357
175	122
175	200
175	265
175	27
175	120
175	455
175	196
175	215
175	325
175	440
175	69
175	36
175	13
175	11
175	3
175	103
175	61
176	353
176	3
176	7
176	120
176	53
176	84
176	58
176	127
176	317
176	367
176	38
176	142
176	4
176	383
176	331
176	132
176	26
176	1
176	78
176	134
176	245
176	223
176	3
176	12
176	51
176	256
176	0
176	94
176	446
176	92
176	497
176	180
176	43
176	87
176	49
176	70
176	117
177	136
177	477
177	84
177	461
177	460
177	31
177	122
177	89
177	73
177	173
177	344
177	28
177	406
177	154
177	473
177	4
177	9
177	2
177	331
177	90
177	21
177	3
177	198
177	81
177	35
177	429
177	93
177	20
177	79
177	58
177	99
177	182
177	383
177	432
177	155
177	22
177	69
177	141
177	416
177	14
178	1
178	129
178	427
178	122
178	293
178	25
178	237
178	137
178	35
178	65
178	19
178	234
178	313
178	206
178	78
178	454
178	277
178	324
178	57
178	43
178	381
178	425
178	164
178	38
178	54
178	432
178	192
178	247
178	83
178	13
178	72
178	108
178	91
178	384
178	2
178	134
178	87
178	344
178	226
178	381
178	227
178	159
178	468
178	208
179	11
179	452
179	347
179	222
179	206
179	365
179	0
179	2
179	304
179	104
179	21
179	10
179	418
179	0
179	481
179	19
179	167
179	341
179	10
179	263
179	485
179	352
179	24
179	43
179	201
179	265
179	413
179	26
179	482
179	136
179	5
179	80
179	151
179	0
179	1
179	8
180	14
180	375
180	153
180	300
180	370
180	5
180	490
180	222
180	237
180	495
180	465
180	132
180	53
180	123
180	423
180	409
180	13
180	49
180	43
180	47
180	438
180	143
180	0
180	208
180	422
180	361
180	0
180	9
180	199
180	77
180	5
180	1
180	398
180	33
180	176
180	90
180	291
180	49
180	326
180	463
180	217
180	1
180	11
180	14
180	4
180	132
181	333
181	2
181	20
181	52
181	247
181	335
181	373
181	236
181	41
181	16
181	21
181	317
181	83
181	463
181	266
181	19
181	432
181	306
181	442
181	132
181	18
181	74
181	16
181	94
181	194
181	15
181	21
181	262
181	5
181	90
181	243
181	297
181	117
181	1
181	276
181	112
181	496
181	68
181	20
182	16
182	402
182	35
182	17
182	39
182	299
182	5
182	24
182	232
182	349
182	6
182	164
182	319
182	137
182	393
182	117
182	221
182	26
182	221
182	158
182	9
182	69
182	109
182	321
182	14
182	246
182	126
182	37
182	261
182	3
182	200
182	300
182	243
182	151
182	26
182	84
182	44
182	207
183	3
183	54
183	220
183	429
183	178
183	307
183	369
183	1
183	484
183	68
183	17
183	237
183	389
183	165
183	133
183	159
183	385
183	357
183	110
183	456
183	4
183	4
183	76
183	8
183	73
183	18
183	333
183	11
183	7
183	160
183	80
183	378
183	106
183	460
183	119
183	9
183	292
183	62
183	18
183	436
183	326
183	439
183	220
183	34
183	36
183	325
183	293
184	370
184	71
184	1
184	6
184	166
184	8
184	53
184	115
184	52
184	325
184	5
184	197
184	402
184	323
184	202
184	179
184	7
184	174
184	490
184	3
184	8
184	298
184	5
184	80
184	171
184	255
184	451
184	336
184	198
184	81
184	290
184	118
184	205
184	301
184	324
184	183
184	263
184	14
185	46
185	6
185	144
185	480
185	126
185	140
185	134
185	15
185	49
185	91
185	277
185	321
185	241
185	70
185	286
185	57
185	51
185	358
185	148
185	23
185	49
185	90
185	21
185	111
185	113
185	20
185	99
185	14
185	4
185	414
185	480
185	3
185	17
185	67
185	42
185	354
185	67
185	23
185	316
185	383
185	232
185	28
186	282
186	187
186	43
186	337
186	158
186	368
186	116
186	146
186	195
186	312
186	330
186	114
186	359
186	432
186	44
186	314
186	9
186	121
186	139
186	26
186	15
186	63
186	317
186	27
186	0
186	394
186	165
186	0
186	57
186	453
186	3
186	340
186	19
186	119
186	12
186	50
186	265
186	261
186	33
186	43
187	40
187	444
187	12
187	159
187	250
187	137
187	415
187	9
187	65
187	7
187	23
187	443
187	1
187	109
187	250
187	426
187	198
187	318
187	498
187	149
187	225
187	2
187	71
187	22
187	273
187	142
187	352
187	58
187	489
187	456
187	289
187	5
187	23
187	341
187	41
187	175
187	83
187	52
187	213
187	21
187	14
187	449
187	24
187	428
188	298
188	291
188	198
188	80
188	2
188	271
188	488
188	23
188	76
188	227
188	28
188	318
188	56
188	239
188	134
188	29
188	31
188	25
188	426
188	331
188	27
188	193
188	312
188	246
188	113
188	52
188	466
188	7
188	495
188	161
188	2
188	435
188	12
188	64
188	485
188	1
188	134
188	29
188	376
188	175
188	326
188	205
188	412
188	166
188	104
189	493
189	299
189	396
189	327
189	269
189	81
189	418
189	75
189	254
189	233
189	71
189	408
189	0
189	75
189	248
189	409
189	231
189	180
189	89
189	171
189	120
189	365
189	377
189	125
189	34
189	350
189	149
189	189
189	5
189	3
189	361
189	31
189	65
189	99
189	149
189	105
189	295
189	65
189	371
189	51
189	206
189	110
189	459
189	11
189	97
189	50
189	6
190	338
190	396
190	484
190	107
190	343
190	412
190	356
190	135
190	94
190	67
190	22
190	318
190	498
190	123
190	2
190	426
190	18
190	5
190	420
190	429
190	138
190	38
190	339
190	37
190	411
190	218
190	65
190	52
190	20
190	23
190	142
190	394
190	75
190	244
191	15
191	498
191	37
191	278
191	247
191	492
191	69
191	56
191	285
191	278
191	438
191	336
191	23
191	51
191	357
191	55
191	134
191	212
191	9
191	300
191	4
191	258
191	7
191	40
191	316
191	221
191	495
191	8
191	195
191	1
191	374
191	178
191	37
191	113
191	109
191	66
191	303
191	96
191	453
192	424
192	29
192	128
192	155
192	34
192	154
192	452
192	411
192	11
192	14
192	266
192	384
192	71
192	151
192	126
192	6
192	35
192	11
192	331
192	20
192	291
192	338
192	211
192	36
192	253
192	141
192	30
192	271
192	308
192	402
192	407
192	285
192	413
192	109
192	25
192	1
192	490
192	278
192	396
192	171
192	42
193	94
193	131
193	165
193	44
193	139
193	402
193	212
193	262
193	371
193	176
193	350
193	74
193	464
193	67
193	347
193	54
193	59
193	389
193	14
193	0
193	136
193	407
193	165
193	61
193	34
193	181
193	274
193	47
193	19
193	472
193	1
193	430
193	204
193	326
193	89
193	75
193	188
193	123
193	212
193	136
193	155
193	152
193	228
194	31
194	452
194	165
194	214
194	1
194	175
194	32
194	403
194	478
194	471
194	305
194	92
194	6
194	449
194	256
194	13
194	263
194	163
194	8
194	58
194	358
194	58
194	13
194	46
194	0
194	7
194	332
194	6
194	478
194	212
194	315
194	146
194	434
194	4
194	115
194	230
194	392
194	20
194	0
194	114
194	76
194	26
194	108
194	69
194	262
194	470
194	475
194	345
195	295
195	56
195	113
195	53
195	218
195	0
195	163
195	71
195	49
195	314
195	28
195	30
195	347
195	1
195	19
195	458
195	4
195	474
195	163
195	342
195	303
195	447
195	112
195	181
195	450
195	152
195	167
195	320
195	34
195	301
195	219
195	321
195	238
195	290
195	0
195	3
195	143
195	2
195	31
195	404
196	53
196	292
196	12
196	291
196	12
196	27
196	395
196	7
196	60
196	176
196	70
196	105
196	37
196	178
196	44
196	10
196	2
196	293
196	201
196	409
196	334
196	348
196	7
196	338
196	149
196	490
196	150
196	102
196	447
196	413
196	329
196	66
196	362
196	352
196	60
196	147
196	2
196	81
197	349
197	400
197	124
197	109
197	60
197	0
197	171
197	7
197	0
197	36
197	80
197	131
197	155
197	136
197	375
197	25
197	388
197	159
197	130
197	237
197	137
197	298
197	383
197	122
197	153
197	299
197	20
197	435
197	169
197	145
197	17
197	4
197	316
197	66
197	445
197	47
197	7
198	5
198	271
198	63
198	133
198	451
198	426
198	418
198	112
198	451
198	13
198	10
198	139
198	13
198	88
198	50
198	163
198	465
198	470
198	454
198	13
198	28
198	73
198	370
198	169
198	346
198	187
198	385
198	123
198	79
198	110
198	312
198	440
198	70
198	477
198	315
198	101
198	270
198	33
198	86
198	259
198	84
198	257
198	333
198	0
199	464
199	192
199	90
199	484
199	462
199	79
199	235
199	133
199	388
199	89
199	14
199	6
199	488
199	3
199	77
199	2
199	174
199	466
199	142
199	81
199	23
199	281
199	193
199	178
199	136
199	498
199	344
199	2
199	48
199	1
199	166
199	62
199	189
199	482
199	186
199	215
199	2
199	82
199	44
199	302
200	355
200	0
200	142
200	80
200	361
200	62
200	172
200	275
200	79
200	415
200	112
200	52
200	67
200	35
200	8
200	421
200	473
200	278
200	278
200	70
200	13
200	362
200	70
200	11
200	22
200	57
200	472
200	419
200	373
200	212
200	47
200	310
200	202
200	131
200	7
200	287
201	2
201	387
201	32
201	203
201	135
201	141
201	55
201	0
201	324
201	4
201	17
201	1
201	445
201	250
201	5
201	10
201	129
201	167
201	39
201	410
201	439
201	336
201	374
201	13
201	32
201	86
201	242
201	232
201	306
201	289
201	78
201	107
201	160
201	269
201	290
201	8
201	160
201	212
202	107
202	327
202	428
202	103
202	5
202	4
202	1
202	50
202	6
202	270
202	10
202	215
202	101
202	17
202	363
202	381
202	185
202	25
202	323
202	32
202	378
202	270
202	158
202	296
202	491
202	446
202	253
202	246
202	0
202	9
202	452
202	176
202	350
202	135
202	2
203	419
203	272
203	133
203	327
203	163
203	30
203	116
203	226
203	208
203	24
203	17
203	309
203	36
203	393
203	42
203	22
203	335
203	412
203	104
203	21
203	20
203	9
203	17
203	450
203	299
203	446
203	349
203	4
203	76
203	67
203	228
203	3
203	116
203	258
203	104
203	234
203	315
203	226
203	54
203	14
203	354
203	139
203	147
203	268
203	74
203	489
203	443
204	24
204	426
204	459
204	474
204	11
204	44
204	363
204	28
204	335
204	274
204	226
204	163
204	246
204	11
204	105
204	149
204	44
204	230
204	6
204	20
204	254
204	180
204	338
204	140
204	34
204	489
204	118
204	70
204	53
204	306
204	218
205	155
205	169
205	476
205	473
205	255
205	209
205	433
205	397
205	36
205	332
205	6
205	114
205	2
205	125
205	356
205	298
205	236
205	268
205	6
205	32
205	403
205	4
205	36
205	33
205	219
205	45
205	120
205	52
205	169
205	219
205	477
205	270
205	291
205	85
205	142
205	203
205	493
206	180
206	3
206	235
206	191
206	460
206	55
206	338
206	331
206	10
206	9
206	31
206	157
206	108
206	20
206	251
206	159
206	29
206	5
206	321
206	416
206	390
206	66
206	127
206	82
206	25
206	245
206	156
206	63
206	270
206	495
206	124
206	166
206	247
206	70
206	118
206	24
206	94
206	2
206	132
206	260
206	62
206	237
206	115
206	171
207	82
207	1
207	227
207	41
207	404
207	38
207	320
207	199
207	179
207	4
207	3
207	20
207	35
207	364
207	52
207	78
207	32
207	1
207	144
207	157
207	213
207	467
207	424
207	23
207	29
207	483
207	39
207	3
207	34
207	121
207	9
207	36
207	9
207	313
207	154
207	285
207	244
207	313
207	341
207	476
207	499
207	35
207	75
207	127
208	34
208	87
208	245
208	115
208	127
208	185
208	318
208	51
208	383
208	328
208	275
208	392
208	146
208	195
208	129
208	308
208	8
208	200
208	368
208	239
208	11
208	410
208	302
208	422
208	303
208	259
208	113
208	9
208	441
208	176
208	363
208	50
209	268
209	4
209	285
209	53
209	0
209	254
209	48
209	25
209	40
209	291
209	214
209	291
209	397
209	104
209	24
209	170
209	23
209	19
209	23
209	15
209	30
209	8
209	324
209	6
209	339
209	285
209	123
209	59
209	390
209	33
209	16
209	232
209	18
209	77
209	10
209	213
209	1
209	18
210	65
210	322
210	72
210	105
210	281
210	473
210	433
210	96
210	82
210	453
210	432
210	106
210	1
210	51
210	23
210	34
210	145
210	10
210	29
210	409
210	5
210	170
210	323
210	75
210	280
210	89
210	152
210	446
210	153
210	17
210	20
210	400
210	367
210	495
210	170
210	3
210	333
210	3
210	28
210	178
210	101
211	425
211	32
211	52
211	499
211	6
211	330
211	103
211	367
211	358
211	208
211	162
211	209
211	47
211	5
211	375
211	11
211	39
211	131
211	8
211	38
211	1
211	181
211	428
211	1
211	494
211	367
211	139
211	12
211	230
211	75
211	438
211	439
211	23
211	54
211	492
211	59
211	103
211	368
212	238
212	85
212	328
212	138
212	239
212	70
212	83
212	433
212	66
212	26
212	6
212	81
212	300
212	23
212	61
212	17
212	49
212	161
212	377
212	117
212	237
212	158
212	281
212	78
212	200
212	252
212	275
212	90
212	0
212	366
212	322
212	294
212	104
212	284
212	65
212	30
213	47
213	190
213	148
213	181
213	187
213	2
213	145
213	23
213	37
213	473
213	402
213	24
213	308
213	91
213	257
213	19
213	16
213	117
213	463
213	47
213	62
213	443
213	20
213	1
213	42
213	51
213	11
213	7
213	311
213	159
213	343
213	31
213	57
213	5
213	184
213	59
213	442
213	104
213	201
213	357
213	447
213	80
214	96
214	9
214	404
214	221
214	8
214	138
214	21
214	152
214	103
214	1
214	491
214	426
214	6
214	77
214	187
214	456
214	42
214	266
214	76
214	63
214	445
214	137
214	138
214	159
214	148
214	52
214	3
214	117
214	2
214	191
214	168
214	0
214	381
214	172
214	102
214	412
214	302
214	53
214	199
214	47
214	105
214	191
214	217
214	168
215	388
215	389
215	78
215	36
215	13
215	214
215	22
215	15
215	274
215	40
215	255
215	167
215	45
215	384
215	11
215	103
215	65
215	6
215	11
215	29
215	388
215	280
215	437
215	90
215	12
215	239
215	76
215	13
215	241
215	50
215	154
215	172
215	33
215	19
215	145
215	453
215	197
215	312
215	3
215	277
215	40
215	460
215	53
216	252
216	12
216	482
216	442
216	479
216	89
216	6
216	483
216	33
216	286
216	343
216	143
216	22
216	377
216	445
216	6
216	209
216	195
216	126
216	247
216	202
216	497
216	55
216	207
216	79
216	83
216	90
216	277
216	266
216	16
216	113
216	16
216	316
216	23
216	6
216	148
216	118
216	75
216	433
216	8
216	201
217	89
217	449
217	1
217	137
217	343
217	8
217	491
217	359
217	14
217	71
217	74
217	400
217	411
217	0
217	105
217	474
217	38
217	37
217	460
217	66
217	388
217	135
217	83
217	183
217	11
217	485
217	454
217	174
217	189
217	439
217	252
217	405
217	384
218	22
218	102
218	136
218	440
218	79
218	465
218	15
218	152
218	11
218	15
218	347
218	293
218	126
218	152
218	6
218	143
218	163
218	22
218	32
218	120
218	105
218	289
218	262
218	33
218	8
218	54
218	39
218	0
218	46
218	413
218	126
218	220
218	382
218	32
218	30
219	494
219	478
219	463
219	57
219	94
219	76
219	0
219	9
219	432
219	7
219	33
219	1
219	245
219	156
219	8
219	94
219	265
219	20
219	1
219	134
219	250
219	1
219	0
219	361
219	215
219	491
219	0
219	402
219	280
219	0
219	143
219	338
219	303
219	50
219	231
219	151
219	62
219	191
219	259
219	2
219	1
220	333
220	387
220	65
220	98
220	8
220	232
220	245
220	11
220	93
220	492
220	207
220	494
220	30
220	75
220	63
220	71
220	22
220	304
220	2
220	165
220	80
220	424
220	358
220	29
220	18
220	44
220	483
220	51
220	24
220	97
220	419
220	361
220	43
220	4
220	50
220	366
220	331
220	39
220	10
220	267
220	1
220	19
221	155
221	431
221	499
221	34
221	32
221	1
221	209
221	253
221	8
221	106
221	51
221	499
221	11
221	87
221	145
221	315
221	211
221	284
221	146
221	345
221	302
221	57
221	333
221	230
221	335
221	342
221	369
221	52
221	2
221	86
221	432
221	32
221	80
221	53
222	360
222	33
222	34
222	310
222	121
222	29
222	22
222	2
222	6
222	432
222	284
222	1
222	10
222	10
222	3
222	149
222	26
222	472
222	124
222	47
222	457
222	80
222	52
222	314
222	312
222	373
222	461
222	47
222	357
222	99
222	3
222	130
222	286
222	405
222	127
222	86
222	62
222	189
222	255
222	60
223	194
223	10
223	432
223	370
223	327
223	3
223	390
223	158
223	420
223	488
223	1
223	425
223	440
223	36
223	26
223	225
223	450
223	169
223	392
223	292
223	209
223	79
223	229
223	287
223	8
223	23
223	391
223	90
223	154
223	19
223	192
223	129
223	488
223	182
223	389
223	267
223	181
223	401
224	466
224	19
224	0
224	152
224	469
224	256
224	364
224	424
224	59
224	3
224	187
224	0
224	447
224	408
224	338
224	3
224	428
224	0
224	288
224	119
224	287
224	402
224	216
224	2
224	36
224	89
224	350
224	3
224	20
224	106
224	161
224	161
224	115
224	45
224	452
224	300
224	10
224	206
224	68
224	64
225	255
225	344
225	434
225	6
225	41
225	95
225	6
225	6
225	33
225	11
225	422
225	40
225	271
225	370
225	22
225	360
225	16
225	18
225	47
225	297
225	451
225	177
225	95
225	12
225	150
225	47
225	62
225	117
225	271
225	218
225	245
225	327
225	193
225	122
225	174
225	285
225	455
225	134
225	152
225	14
226	251
226	314
226	2
226	314
226	402
226	325
226	350
226	260
226	35
226	442
226	416
226	1
226	389
226	137
226	318
226	98
226	268
226	205
226	324
226	170
226	146
226	38
226	217
226	461
226	445
226	136
226	53
226	381
226	94
226	0
226	179
226	338
226	70
226	23
226	96
226	33
226	14
226	124
226	88
227	301
227	24
227	458
227	17
227	295
227	286
227	322
227	69
227	306
227	60
227	57
227	233
227	246
227	121
227	147
227	7
227	130
227	227
227	60
227	436
227	244
227	485
227	18
227	241
227	116
227	496
227	473
227	1
227	388
227	403
227	0
227	266
227	162
227	22
227	463
227	287
228	54
228	7
228	334
228	238
228	21
228	43
228	454
228	38
228	0
228	64
228	15
228	215
228	172
228	177
228	387
228	114
228	4
228	286
228	0
228	358
228	245
228	411
228	460
228	0
228	291
228	318
228	15
228	2
228	444
228	307
228	276
228	197
228	142
228	49
228	197
228	335
228	389
228	452
228	286
228	12
228	222
229	326
229	0
229	78
229	447
229	140
229	18
229	178
229	88
229	119
229	197
229	269
229	182
229	390
229	172
229	2
229	16
229	483
229	300
229	117
229	5
229	470
229	369
229	354
229	31
229	144
229	3
229	139
229	215
229	131
229	430
229	306
229	309
229	181
229	284
229	26
229	2
229	95
229	118
229	61
229	75
229	16
229	19
229	325
229	284
229	286
230	61
230	4
230	25
230	174
230	233
230	335
230	360
230	396
230	417
230	10
230	177
230	70
230	17
230	178
230	437
230	40
230	126
230	57
230	109
230	22
230	212
230	17
230	137
230	2
230	36
230	478
230	55
230	119
230	212
230	330
230	460
231	370
231	194
231	67
231	103
231	2
231	312
231	76
231	25
231	8
231	302
231	10
231	37
231	119
231	219
231	90
231	409
231	184
231	452
231	436
231	157
231	106
231	457
231	1
231	297
231	274
231	377
231	45
231	249
231	145
231	36
231	115
231	334
231	470
231	220
231	218
231	479
231	59
232	34
232	281
232	56
232	406
232	3
232	170
232	7
232	142
232	366
232	337
232	305
232	278
232	180
232	431
232	337
232	172
232	31
232	67
232	494
232	41
232	1
232	370
232	261
232	1
232	294
232	122
232	371
232	88
232	350
232	312
232	360
232	343
232	13
232	187
233	58
233	4
233	36
233	381
233	483
233	72
233	368
233	5
233	113
233	1
233	321
233	139
233	46
233	141
233	468
233	87
233	129
233	125
233	3
233	364
233	79
233	251
233	86
233	245
233	182
233	43
233	15
233	48
233	52
233	336
233	19
233	37
233	350
233	263
234	96
234	418
234	405
234	156
234	347
234	139
234	148
234	191
234	222
234	210
234	3
234	70
234	176
234	318
234	338
234	143
234	331
234	434
234	296
234	144
234	227
234	149
234	86
234	23
234	11
234	171
234	429
234	10
234	300
234	478
234	65
234	149
234	345
234	19
234	27
234	433
234	197
235	256
235	25
235	333
235	472
235	4
235	4
235	12
235	160
235	422
235	222
235	306
235	20
235	112
235	39
235	447
235	308
235	366
235	292
235	6
235	213
235	441
235	66
235	2
235	41
235	392
235	35
235	1
235	52
235	487
235	105
235	251
235	229
235	176
235	372
235	65
235	65
235	389
235	58
235	386
235	381
235	1
235	314
235	359
235	1
236	379
236	193
236	271
236	350
236	262
236	271
236	58
236	36
236	29
236	291
236	69
236	275
236	363
236	285
236	195
236	52
236	4
236	426
236	125
236	0
236	133
236	123
236	166
236	136
236	377
236	31
236	263
236	230
236	72
236	11
236	408
236	387
236	66
236	182
236	36
236	472
236	281
236	327
236	488
236	348
236	148
236	33
236	304
236	86
237	404
237	10
237	354
237	323
237	80
237	478
237	427
237	351
237	112
237	300
237	327
237	0
237	180
237	73
237	165
237	21
237	64
237	75
237	20
237	15
237	385
237	94
237	40
237	453
237	132
237	346
237	199
237	9
237	13
237	335
237	149
237	0
237	247
237	149
237	33
237	188
237	7
237	55
237	31
237	325
237	321
237	0
237	10
238	25
238	117
238	45
238	354
238	473
238	120
238	115
238	356
238	364
238	29
238	9
238	146
238	289
238	42
238	36
238	415
238	481
238	410
238	12
238	90
238	1
238	35
238	157
238	48
238	10
238	2
238	137
238	33
238	15
238	424
238	306
238	115
238	22
238	1
238	294
238	65
238	25
238	8
238	241
238	347
238	416
238	179
239	55
239	438
239	178
239	471
239	272
239	425
239	135
239	146
239	9
239	264
239	3
239	4
239	84
239	87
239	1
239	14
239	420
239	158
239	335
239	153
239	9
239	199
239	81
239	295
239	2
239	284
239	112
239	243
239	301
239	71
239	117
239	6
239	12
239	404
239	43
239	73
240	232
240	85
240	146
240	139
240	25
240	245
240	346
240	58
240	27
240	108
240	87
240	39
240	307
240	462
240	137
240	394
240	406
240	403
240	3
240	188
240	335
240	358
240	159
240	462
240	72
240	95
240	407
240	381
240	131
240	348
240	170
240	149
240	106
240	75
240	125
240	1
240	46
240	24
241	2
241	82
241	208
241	83
241	490
241	33
241	128
241	31
241	245
241	49
241	162
241	298
241	49
241	131
241	238
241	132
241	338
241	411
241	323
241	118
241	45
241	2
241	129
241	488
241	453
241	178
241	158
241	494
241	75
241	37
241	252
241	215
241	479
241	231
241	150
241	30
242	438
242	35
242	60
242	464
242	12
242	16
242	268
242	361
242	3
242	108
242	253
242	196
242	81
242	68
242	346
242	154
242	19
242	114
242	22
242	242
242	207
242	222
242	4
242	269
242	0
242	290
242	110
242	441
242	263
242	158
242	21
242	9
242	92
242	51
242	18
242	362
242	45
242	412
242	233
242	14
242	263
243	43
243	173
243	59
243	1
243	65
243	490
243	152
243	139
243	1
243	184
243	52
243	289
243	0
243	147
243	122
243	205
243	32
243	410
243	3
243	1
243	314
243	160
243	374
243	400
243	4
243	223
243	493
243	81
243	55
243	60
243	190
243	100
243	111
243	98
243	176
244	480
244	91
244	3
244	303
244	327
244	437
244	334
244	25
244	386
244	270
244	309
244	137
244	124
244	275
244	74
244	219
244	214
244	377
244	316
244	93
244	50
244	466
244	116
244	395
244	38
244	34
244	71
244	225
244	78
244	24
244	193
244	377
244	3
244	43
244	179
244	245
245	174
245	201
245	141
245	61
245	308
245	2
245	46
245	1
245	0
245	151
245	47
245	306
245	19
245	435
245	3
245	1
245	312
245	83
245	0
245	472
245	5
245	59
245	129
245	62
245	216
245	422
245	423
245	17
245	28
245	289
245	435
245	0
245	23
245	63
245	328
245	67
246	58
246	319
246	300
246	129
246	11
246	469
246	105
246	20
246	491
246	298
246	314
246	36
246	51
246	64
246	29
246	22
246	161
246	9
246	21
246	137
246	251
246	263
246	476
246	81
246	9
246	340
246	109
246	486
246	249
246	335
246	448
246	461
246	379
246	8
246	234
246	292
246	161
247	477
247	125
247	287
247	381
247	451
247	204
247	71
247	474
247	21
247	224
247	25
247	18
247	112
247	153
247	39
247	0
247	59
247	452
247	232
247	7
247	10
247	437
247	420
247	449
247	2
247	366
247	134
247	140
247	66
247	102
247	339
247	291
247	15
247	296
247	380
247	463
247	187
247	73
247	3
248	25
248	316
248	325
248	21
248	451
248	464
248	61
248	285
248	2
248	47
248	69
248	30
248	72
248	213
248	41
248	399
248	48
248	315
248	44
248	271
248	3
248	119
248	197
248	221
248	375
248	482
248	38
248	176
248	57
248	453
248	153
248	115
248	65
248	215
248	266
248	294
248	19
248	484
248	130
248	486
248	40
248	22
248	48
248	103
248	59
248	93
248	93
249	441
249	4
249	163
249	347
249	380
249	417
249	16
249	78
249	48
249	0
249	71
249	1
249	198
249	33
249	127
249	154
249	3
249	132
249	229
249	404
249	6
249	197
249	207
249	225
249	73
249	167
249	82
249	365
249	450
249	80
249	412
249	161
249	41
249	266
249	278
249	205
249	0
249	26
249	0
249	51
249	21
249	378
249	42
249	220
250	283
250	13
250	15
250	451
250	78
250	202
250	336
250	53
250	183
250	320
250	2
250	2
250	351
250	455
250	336
250	241
250	49
250	315
250	27
250	156
250	339
250	310
250	16
250	344
250	245
250	141
250	481
250	67
250	336
250	29
250	398
250	391
250	85
250	215
250	460
250	5
250	104
250	372
250	23
250	335
250	53
250	192
250	17
250	269
250	300
250	96
251	3
251	0
251	214
251	303
251	413
251	202
251	450
251	160
251	179
251	350
251	148
251	76
251	4
251	7
251	103
251	43
251	244
251	407
251	259
251	305
251	237
251	371
251	341
251	1
251	117
251	189
251	3
251	49
251	74
251	250
251	449
251	4
251	453
251	353
251	281
251	2
251	282
251	55
251	251
251	292
251	403
251	19
