336	467
336	48
336	219
336	197
336	429
336	163
336	10
336	288
336	346
336	293
336	246
336	198
336	306
336	271
336	94
336	367
336	460
336	62
336	0
336	18
336	260
336	112
336	83
336	280
336	0
336	271
336	126
336	8
336	154
336	17
336	150
336	238
336	0
336	53
336	433
336	292
336	158
336	255
336	5
337	3
337	155
337	440
337	479
337	1
337	68
337	433
337	245
337	182
337	8
337	390
337	1
337	141
337	38
337	415
337	92
337	474
337	378
337	15
337	254
337	363
337	36
337	283
337	15
337	414
337	210
337	347
337	40
337	240
337	9
337	138
337	16
337	15
337	211
337	446
337	431
337	40
337	166
337	55
337	7
337	5
338	481
338	18
338	66
338	200
338	20
338	227
338	155
338	1
338	281
338	342
338	37
338	63
338	275
338	0
338	0
338	31
338	55
338	158
338	8
338	195
338	375
338	170
338	211
338	93
338	177
338	380
338	324
338	287
338	185
338	455
338	96
338	2
338	264
338	13
338	465
338	21
338	1
338	331
338	34
338	1
338	146
338	109
338	356
338	61
338	352
338	85
338	425
338	11
338	167
339	20
339	443
339	438
339	300
339	300
339	133
339	206
339	50
339	58
339	170
339	63
339	135
339	297
339	106
339	398
339	206
339	425
339	474
339	477
339	14
339	39
339	250
339	371
339	191
339	320
339	5
339	82
339	494
339	210
339	454
339	211
339	457
339	482
339	400
339	467
339	5
339	86
339	457
340	281
340	348
340	46
340	41
340	54
340	15
340	230
340	14
340	131
340	236
340	173
340	66
340	246
340	16
340	22
340	42
340	488
340	239
340	24
340	20
340	422
340	100
340	39
340	340
340	60
340	200
340	248
340	290
340	2
340	7
340	333
340	9
340	418
340	37
340	420
340	63
340	53
341	177
341	29
341	485
341	131
341	352
341	39
341	470
341	4
341	400
341	99
341	160
341	428
341	384
341	464
341	57
341	81
341	59
341	39
341	1
341	247
341	384
341	192
341	7
341	360
341	456
341	342
341	467
341	431
341	10
341	350
341	103
341	306
341	89
341	51
341	69
341	156
341	464
341	87
341	0
341	143
341	69
341	66
341	35
341	61
342	12
342	104
342	215
342	368
342	245
342	381
342	369
342	113
342	12
342	12
342	394
342	285
342	413
342	364
342	180
342	232
342	309
342	156
342	115
342	117
342	233
342	0
342	82
342	482
342	431
342	30
342	145
342	147
342	20
342	425
342	242
342	483
342	407
343	294
343	60
343	172
343	3
343	235
343	374
343	163
343	26
343	65
343	373
343	370
343	328
343	484
343	208
343	457
343	1
343	35
343	318
343	121
343	335
343	5
343	1
343	312
343	288
343	174
343	2
343	289
343	12
343	487
343	35
343	186
343	319
343	168
343	2
343	13
343	395
343	2
344	73
344	467
344	160
344	357
344	288
344	417
344	293
344	151
344	0
344	254
344	105
344	250
344	274
344	15
344	443
344	30
344	60
344	135
344	27
344	413
344	476
344	2
344	449
344	417
344	90
344	0
344	371
344	41
344	147
344	184
344	200
344	355
344	298
344	3
344	0
344	439
344	54
344	192
345	8
345	147
345	464
345	3
345	21
345	82
345	66
345	180
345	95
345	441
345	383
345	432
345	326
345	149
345	212
345	7
345	79
345	23
345	246
345	269
345	420
345	24
345	86
345	421
345	198
345	441
345	2
345	7
345	353
345	11
345	406
345	9
345	268
345	334
345	11
345	32
346	352
346	18
346	112
346	8
346	150
346	134
346	209
346	132
346	110
346	28
346	435
346	359
346	200
346	313
346	484
346	107
346	11
346	52
346	90
346	315
346	400
346	322
346	483
346	459
346	210
346	239
346	455
346	434
346	22
346	6
346	14
346	3
346	383
346	357
346	344
346	31
347	154
347	26
347	1
347	41
347	16
347	434
347	19
347	108
347	320
347	5
347	60
347	31
347	438
347	443
347	287
347	143
347	40
347	108
347	489
347	15
347	1
347	104
347	13
347	332
347	385
347	163
347	52
347	39
347	372
347	1
347	221
347	254
347	465
347	404
347	30
347	3
347	68
347	336
348	16
348	210
348	322
348	375
348	153
348	148
348	499
348	467
348	194
348	78
348	373
348	83
348	285
348	12
348	38
348	17
348	107
348	7
348	152
348	60
348	141
348	218
348	155
348	263
348	102
348	352
348	6
348	175
348	145
348	359
348	254
348	126
348	86
348	402
348	91
348	245
348	92
349	237
349	343
349	8
349	31
349	457
349	160
349	44
349	235
349	305
349	465
349	353
349	173
349	101
349	331
349	166
349	161
349	284
349	98
349	36
349	397
349	15
349	301
349	188
349	39
349	33
349	19
349	218
349	307
349	32
349	237
349	36
349	4
349	172
349	1
349	151
350	396
350	449
350	3
350	9
350	0
350	0
350	159
350	21
350	294
350	33
350	94
350	156
350	151
350	177
350	105
350	137
350	14
350	53
350	43
350	295
350	390
350	231
350	106
350	277
350	34
350	12
350	50
350	184
350	170
350	270
350	186
350	209
350	36
350	8
350	0
350	205
350	473
350	12
351	129
351	399
351	148
351	491
351	9
351	13
351	190
351	386
351	458
351	142
351	99
351	0
351	386
351	326
351	2
351	23
351	36
351	471
351	4
351	229
351	255
351	199
351	218
351	35
351	230
351	20
351	15
351	146
351	39
351	351
351	448
351	312
351	2
351	79
351	7
351	113
351	114
351	151
351	438
351	11
351	0
352	376
352	179
352	152
352	496
352	30
352	89
352	15
352	67
352	307
352	495
352	362
352	408
352	432
352	423
352	163
352	499
352	241
352	62
352	0
352	212
352	433
352	68
352	122
352	27
352	143
352	244
352	13
352	3
352	0
352	428
352	118
352	383
352	0
352	38
352	29
352	55
352	50
353	14
353	202
353	120
353	0
353	370
353	90
353	474
353	407
353	21
353	375
353	276
353	367
353	192
353	456
353	309
353	126
353	130
353	172
353	354
353	3
353	11
353	32
353	6
353	71
353	240
353	30
353	162
353	37
353	2
353	97
353	138
353	20
353	23
353	65
353	242
353	6
353	52
354	273
354	204
354	447
354	2
354	17
354	432
354	161
354	33
354	16
354	38
354	263
354	257
354	4
354	493
354	255
354	2
354	139
354	450
354	2
354	275
354	19
354	5
354	63
354	4
354	145
354	243
354	144
354	84
354	425
354	378
354	302
354	5
354	358
355	419
355	10
355	298
355	173
355	492
355	405
355	191
355	20
355	6
355	4
355	280
355	474
355	400
355	1
355	345
355	252
355	18
355	11
355	476
355	324
355	175
355	439
355	229
355	60
355	348
355	12
355	5
355	7
355	168
355	88
355	13
355	487
355	101
355	434
355	18
356	171
356	417
356	114
356	487
356	307
356	31
356	48
356	110
356	302
356	115
356	28
356	3
356	464
356	289
356	0
356	495
356	312
356	273
356	497
356	67
356	251
356	175
356	4
356	409
356	157
356	3
356	266
356	44
356	54
356	203
356	42
356	73
356	361
356	310
356	494
357	350
357	147
357	147
357	47
357	298
357	7
357	345
357	72
357	127
357	343
357	95
357	329
357	93
357	464
357	148
357	159
357	29
357	46
357	54
357	345
357	285
357	154
357	187
357	41
357	443
357	197
357	52
357	423
357	470
357	8
357	307
357	32
357	418
357	0
357	382
357	243
357	222
357	0
357	131
357	171
357	170
357	461
357	169
357	119
357	211
358	81
358	79
358	137
358	59
358	356
358	49
358	269
358	6
358	41
358	458
358	291
358	47
358	221
358	172
358	423
358	19
358	128
358	31
358	427
358	23
358	425
358	156
358	52
358	303
358	477
358	31
358	4
358	461
358	329
358	498
359	381
359	378
359	142
359	20
359	0
359	107
359	50
359	44
359	373
359	205
359	14
359	44
359	0
359	151
359	131
359	345
359	132
359	316
359	306
359	2
359	20
359	183
359	116
359	457
359	24
359	414
359	123
359	370
359	196
359	351
359	307
359	47
359	76
359	41
359	412
359	417
359	421
359	6
360	232
360	32
360	449
360	353
360	117
360	5
360	358
360	111
360	31
360	2
360	4
360	114
360	17
360	22
360	19
360	2
360	35
360	101
360	200
360	1
360	324
360	79
360	3
360	138
360	44
360	6
360	40
360	158
360	467
360	39
360	55
360	352
360	204
360	84
360	224
360	12
360	30
360	189
360	118
361	34
361	381
361	185
361	186
361	141
361	75
361	223
361	359
361	0
361	15
361	86
361	100
361	118
361	460
361	191
361	90
361	168
361	275
361	482
361	1
361	141
361	8
361	315
361	291
361	195
361	338
361	128
361	477
361	35
361	72
361	39
361	369
361	176
361	97
361	297
361	1
361	178
361	165
362	124
362	466
362	1
362	202
362	325
362	315
362	6
362	10
362	194
362	339
362	394
362	251
362	61
362	8
362	14
362	487
362	422
362	21
362	286
362	1
362	44
362	10
362	166
362	1
362	165
362	286
362	417
362	130
362	464
362	39
362	344
362	483
362	29
362	248
362	178
362	1
362	211
362	386
363	38
363	448
363	316
363	0
363	5
363	181
363	144
363	341
363	370
363	8
363	240
363	263
363	250
363	0
363	65
363	89
363	0
363	73
363	2
363	57
363	498
363	312
363	21
363	2
363	11
363	212
363	134
363	383
363	29
363	196
363	0
363	17
363	149
363	82
363	428
363	7
364	64
364	97
364	86
364	107
364	317
364	217
364	33
364	488
364	118
364	12
364	1
364	137
364	7
364	20
364	257
364	475
364	383
364	0
364	80
364	100
364	452
364	9
364	361
364	2
364	499
364	20
364	24
364	303
364	411
364	304
364	302
364	37
364	19
364	339
364	0
364	385
365	269
365	126
365	0
365	131
365	3
365	172
365	373
365	485
365	19
365	52
365	65
365	41
365	207
365	48
365	84
365	19
365	407
365	469
365	339
365	188
365	4
365	179
365	466
365	391
365	20
365	432
365	141
365	469
365	300
365	32
365	160
365	0
365	448
365	197
365	405
365	122
365	34
365	217
365	334
366	2
366	455
366	354
366	194
366	32
366	0
366	30
366	497
366	270
366	460
366	493
366	81
366	384
366	147
366	2
366	54
366	395
366	271
366	388
366	423
366	120
366	29
366	276
366	128
366	0
366	150
366	210
366	169
366	174
366	123
366	92
366	51
366	132
366	51
366	306
366	377
366	434
366	403
366	352
366	54
366	1
366	389
366	1
366	176
366	419
367	158
367	462
367	58
367	54
367	16
367	85
367	51
367	55
367	144
367	110
367	9
367	17
367	284
367	178
367	138
367	136
367	37
367	176
367	17
367	448
367	48
367	466
367	143
367	14
367	435
367	41
367	32
367	17
367	197
367	414
367	34
367	52
367	343
367	356
367	56
367	53
367	337
367	21
367	7
367	64
367	23
367	443
367	36
367	136
368	297
368	2
368	318
368	461
368	175
368	149
368	363
368	88
368	113
368	40
368	234
368	155
368	387
368	22
368	89
368	182
368	66
368	131
368	28
368	30
368	2
368	130
368	32
368	15
368	352
368	1
368	116
368	317
368	260
368	36
368	7
368	104
368	260
368	114
368	58
368	420
368	253
368	262
368	407
368	455
368	62
369	338
369	311
369	323
369	259
369	499
369	26
369	9
369	115
369	76
369	262
369	316
369	1
369	223
369	46
369	30
369	1
369	67
369	21
369	224
369	278
369	175
369	166
369	261
369	360
369	212
369	126
369	476
369	3
369	23
369	397
369	307
369	37
369	253
369	308
369	16
369	42
369	201
369	13
370	444
370	429
370	75
370	351
370	158
370	177
370	153
370	359
370	1
370	350
370	435
370	441
370	116
370	467
370	489
370	201
370	133
370	478
370	223
370	241
370	31
370	297
370	226
370	40
370	51
370	72
370	418
370	69
370	74
370	10
370	48
370	80
370	414
370	397
370	170
370	148
370	149
370	468
370	436
370	143
371	238
371	13
371	460
371	182
371	2
371	2
371	157
371	3
371	467
371	60
371	403
371	85
371	4
371	266
371	46
371	304
371	413
371	412
371	97
371	165
371	107
371	139
371	403
371	178
371	5
371	137
371	126
371	268
371	11
371	197
371	74
371	266
371	62
371	14
372	47
372	479
372	333
372	277
372	120
372	128
372	383
372	56
372	70
372	134
372	142
372	270
372	54
372	302
372	90
372	294
372	177
372	133
372	11
372	275
372	24
372	0
372	213
372	5
372	139
372	143
372	164
372	395
372	203
372	3
372	52
372	246
372	427
372	335
372	423
372	24
372	346
372	85
372	102
372	421
372	43
372	198
373	176
373	44
373	141
373	18
373	39
373	20
373	290
373	105
373	75
373	231
373	262
373	367
373	297
373	78
373	210
373	499
373	71
373	32
373	101
373	140
373	476
373	25
373	308
373	277
373	29
373	0
373	15
373	305
373	249
373	1
373	397
373	433
373	3
373	447
373	3
373	108
373	250
373	465
373	8
373	9
373	2
373	235
373	74
374	280
374	1
374	20
374	67
374	492
374	51
374	226
374	128
374	49
374	42
374	2
374	237
374	417
374	480
374	380
374	274
374	220
374	285
374	70
374	129
374	13
374	135
374	287
374	287
374	320
374	17
374	166
374	489
374	40
374	5
374	159
374	437
374	226
374	4
374	27
374	414
374	16
374	111
374	16
374	216
374	110
374	30
374	291
375	239
375	199
375	2
375	282
375	166
375	28
375	152
375	14
375	376
375	307
375	48
375	441
375	5
375	231
375	46
375	259
375	2
375	92
375	218
375	436
375	30
375	498
375	22
375	19
375	248
375	84
375	125
375	354
375	84
375	82
375	407
375	218
375	132
375	15
375	50
375	121
375	29
375	439
375	341
375	210
376	257
376	126
376	45
376	8
376	30
376	231
376	185
376	12
376	497
376	442
376	239
376	324
376	424
376	431
376	149
376	9
376	454
376	100
376	47
376	300
376	214
376	356
376	98
376	440
376	58
376	2
376	27
376	94
376	110
376	461
376	20
376	61
377	162
377	0
377	86
377	59
377	174
377	91
377	449
377	306
377	137
377	71
377	267
377	36
377	60
377	344
377	61
377	0
377	337
377	265
377	360
377	170
377	185
377	405
377	126
377	283
377	345
377	127
377	391
377	53
377	32
377	441
377	262
377	406
377	375
377	4
377	209
377	233
377	482
377	420
377	448
377	299
378	34
378	411
378	396
378	298
378	274
378	30
378	160
378	226
378	49
378	111
378	19
378	498
378	6
378	158
378	347
378	115
378	52
378	409
378	0
378	144
378	13
378	396
378	86
378	469
378	21
378	148
378	32
378	450
378	8
378	484
378	270
378	26
378	82
379	36
379	17
379	22
379	178
379	471
379	187
379	217
379	483
379	4
379	423
379	323
379	497
379	28
379	12
379	178
379	93
379	484
379	143
379	111
379	366
379	88
379	58
379	146
379	469
379	441
379	30
379	338
379	477
379	12
379	377
380	435
380	14
380	249
380	473
380	242
380	97
380	75
380	102
380	373
380	171
380	318
380	221
380	257
380	490
380	261
380	46
380	113
380	279
380	411
380	465
380	42
380	363
380	23
380	249
380	26
380	17
380	54
380	2
380	366
380	403
380	122
380	287
380	74
380	300
380	36
380	369
380	14
380	174
380	389
381	380
381	449
381	355
381	66
381	412
381	1
381	133
381	34
381	147
381	133
381	341
381	156
381	207
381	354
381	183
381	266
381	36
381	19
381	97
381	4
381	185
381	22
381	108
381	0
381	448
381	490
381	108
381	106
381	136
381	218
381	101
381	396
381	2
381	41
381	356
381	76
381	19
381	39
382	424
382	0
382	24
382	186
382	137
382	75
382	153
382	340
382	329
382	2
382	6
382	471
382	74
382	47
382	55
382	46
382	484
382	33
382	3
382	346
382	0
382	408
382	16
382	90
382	357
382	368
382	111
382	420
382	85
382	146
382	60
382	290
382	12
382	310
382	203
382	323
382	96
382	35
382	445
383	31
383	366
383	62
383	124
383	341
383	20
383	11
383	337
383	323
383	15
383	336
383	221
383	4
383	68
383	127
383	0
383	209
383	271
383	166
383	257
383	1
383	339
383	21
383	4
383	472
383	39
383	156
383	11
383	6
383	257
383	222
383	439
383	9
383	268
383	470
383	0
383	475
383	104
384	252
384	89
384	390
384	281
384	158
384	104
384	103
384	54
384	203
384	1
384	12
384	3
384	332
384	496
384	161
384	240
384	70
384	431
384	479
384	156
384	2
384	152
384	355
384	467
384	1
384	65
384	93
384	447
384	128
384	27
384	232
384	12
384	371
384	42
384	314
384	286
384	364
384	431
384	7
385	428
385	327
385	459
385	154
385	5
385	1
385	303
385	379
385	27
385	244
385	18
385	398
385	214
385	444
385	235
385	328
385	271
385	195
385	415
385	19
385	465
385	93
385	474
385	335
385	3
385	200
385	132
385	115
385	361
385	489
385	0
385	130
385	255
385	61
385	180
385	122
385	168
385	261
385	23
385	488
385	259
386	384
386	59
386	310
386	4
386	99
386	42
386	7
386	237
386	14
386	209
386	1
386	197
386	155
386	254
386	74
386	72
386	173
386	186
386	268
386	401
386	12
386	7
386	406
386	49
386	155
386	59
386	29
386	165
386	47
386	195
386	0
386	2
386	46
386	211
386	380
386	0
386	32
386	16
386	3
386	223
386	35
386	129
386	408
386	422
386	57
386	55
386	379
387	48
387	195
387	38
387	45
387	352
387	12
387	31
387	179
387	108
387	417
387	438
387	138
387	63
387	10
387	149
387	135
387	440
387	371
387	433
387	394
387	27
387	283
387	150
387	41
387	153
387	262
387	47
387	324
387	12
387	204
387	397
387	443
387	83
387	409
387	40
387	135
387	283
387	427
387	220
388	7
388	496
388	253
388	158
388	150
388	145
388	9
388	68
388	123
388	355
388	2
388	291
388	227
388	19
388	37
388	179
388	0
388	154
388	18
388	362
388	15
388	9
388	215
388	5
388	132
388	286
388	11
388	272
388	440
388	28
388	453
388	135
388	302
388	88
388	276
388	469
388	59
388	130
388	348
388	8
388	120
388	147
388	102
388	191
388	0
388	307
389	393
389	109
389	4
389	262
389	18
389	51
389	44
389	289
389	9
389	64
389	334
389	142
389	2
389	124
389	106
389	1
389	2
389	405
389	78
389	31
389	102
389	24
389	53
389	4
389	313
389	171
389	390
389	375
389	6
389	244
389	423
389	335
389	14
389	30
389	99
389	226
389	15
389	441
389	422
389	280
389	360
390	348
390	479
390	410
390	11
390	442
390	90
390	410
390	79
390	1
390	105
390	18
390	21
390	20
390	3
390	119
390	8
390	122
390	139
390	164
390	204
390	154
390	329
390	11
390	85
390	97
390	151
390	215
390	492
390	415
390	35
390	292
390	29
390	464
390	346
390	1
390	173
390	425
390	33
390	169
390	261
390	404
390	39
390	6
391	335
391	377
391	122
391	66
391	82
391	14
391	147
391	167
391	14
391	52
391	25
391	381
391	464
391	146
391	276
391	305
391	228
391	115
391	11
391	208
391	106
391	23
391	168
391	122
391	164
391	416
391	11
391	43
391	409
391	257
391	177
391	115
391	55
391	82
391	439
391	66
391	198
391	50
391	105
392	75
392	322
392	467
392	293
392	275
392	466
392	395
392	354
392	127
392	2
392	72
392	118
392	463
392	119
392	318
392	63
392	196
392	275
392	146
392	3
392	41
392	306
392	14
392	55
392	444
392	9
392	316
392	494
392	255
392	199
392	1
392	143
392	323
392	8
393	458
393	3
393	421
393	10
393	349
393	7
393	96
393	61
393	133
393	418
393	378
393	199
393	489
393	116
393	195
393	399
393	30
393	0
393	252
393	478
393	181
393	194
393	54
393	21
393	147
393	21
393	7
393	201
393	32
393	65
393	355
393	22
393	488
393	82
393	1
393	438
393	0
393	92
393	53
393	22
393	329
394	345
394	454
394	28
394	244
394	34
394	101
394	2
394	48
394	162
394	218
394	110
394	111
394	6
394	190
394	220
394	311
394	493
394	0
394	2
394	1
394	254
394	466
394	166
394	21
394	0
394	60
394	0
394	13
394	173
394	46
394	205
394	66
394	92
394	327
394	193
394	302
394	440
395	16
395	229
395	475
395	118
395	185
395	280
395	2
395	121
395	104
395	157
395	111
395	41
395	445
395	257
395	250
395	177
395	170
395	205
395	67
395	40
395	10
395	359
395	246
395	2
395	84
395	332
395	398
395	46
395	36
395	40
395	43
395	443
395	187
396	487
396	1
396	387
396	456
396	360
396	177
396	28
396	273
396	463
396	441
396	270
396	8
396	396
396	169
396	248
396	160
396	44
396	180
396	180
396	199
396	124
396	1
396	420
396	64
396	31
396	54
396	492
396	114
396	64
396	169
396	49
396	0
396	0
396	99
396	80
396	428
397	42
397	56
397	261
397	112
397	39
397	275
397	291
397	128
397	22
397	155
397	365
397	70
397	321
397	15
397	438
397	321
397	435
397	0
397	371
397	139
397	41
397	285
397	4
397	272
397	52
397	223
397	86
397	71
397	54
397	26
397	262
397	175
397	52
397	14
397	76
397	462
397	220
397	121
397	151
397	355
397	38
397	118
397	463
398	15
398	347
398	157
398	79
398	228
398	67
398	47
398	280
398	25
398	250
398	123
398	22
398	373
398	439
398	426
398	456
398	80
398	43
398	376
398	40
398	45
398	104
398	56
398	84
398	22
398	443
398	61
398	68
398	13
398	343
398	0
398	10
398	48
398	411
398	318
398	0
398	339
398	320
398	76
398	17
398	24
399	213
399	185
399	174
399	295
399	132
399	6
399	26
399	84
399	245
399	195
399	62
399	30
399	23
399	77
399	67
399	83
399	251
399	93
399	5
399	89
399	493
399	314
399	399
399	452
399	467
399	0
399	3
399	0
399	488
399	264
399	136
399	106
399	366
399	116
399	286
399	10
400	26
400	88
400	103
400	472
400	64
400	49
400	21
400	58
400	18
400	122
400	51
400	468
400	81
400	174
400	6
400	75
400	2
400	99
400	387
400	11
400	37
400	130
400	35
400	66
400	266
400	490
400	384
400	5
400	482
400	251
400	73
400	203
400	470
400	473
400	193
400	6
400	16
400	28
400	233
400	42
400	35
400	359
401	5
401	233
401	5
401	114
401	32
401	344
401	0
401	123
401	230
401	379
401	80
401	82
401	104
401	36
401	385
401	427
401	214
401	318
401	103
401	35
401	177
401	486
401	41
401	166
401	92
401	97
401	66
401	84
401	382
401	451
401	12
401	121
401	354
401	392
401	18
401	301
401	25
401	417
401	397
402	424
402	382
402	168
402	279
402	79
402	133
402	14
402	77
402	392
402	9
402	6
402	5
402	437
402	54
402	304
402	90
402	104
402	118
402	397
402	371
402	485
402	21
402	479
402	14
402	34
402	262
402	65
402	85
402	276
402	6
402	429
402	393
402	67
402	109
402	393
402	0
402	7
402	101
403	9
403	461
403	20
403	100
403	95
403	209
403	436
403	497
403	413
403	468
403	195
403	303
403	123
403	13
403	5
403	202
403	213
403	26
403	1
403	0
403	0
403	18
403	469
403	23
403	7
403	5
403	45
403	73
403	122
403	33
403	2
403	317
403	383
403	52
403	109
403	209
403	347
403	392
403	323
403	174
403	470
404	140
404	28
404	79
404	86
404	32
404	188
404	10
404	382
404	8
404	55
404	131
404	23
404	18
404	139
404	4
404	395
404	50
404	249
404	74
404	71
404	267
404	195
404	16
404	437
404	109
404	11
404	15
404	73
404	134
404	133
404	172
404	71
404	137
405	37
405	148
405	51
405	375
405	127
405	142
405	261
405	0
405	318
405	275
405	408
405	3
405	461
405	414
405	25
405	485
405	314
405	8
405	35
405	93
405	100
405	48
405	34
405	91
405	120
405	142
405	247
405	450
405	468
405	213
405	343
405	169
405	110
405	241
405	418
405	426
405	30
405	72
405	383
406	61
406	99
406	499
406	120
406	189
406	12
406	449
406	58
406	310
406	5
406	144
406	49
406	257
406	0
406	461
406	324
406	9
406	163
406	6
406	206
406	187
406	210
406	17
406	31
406	412
406	124
406	2
406	326
406	66
406	162
406	50
406	175
406	148
406	351
406	106
406	161
406	405
406	350
406	128
406	189
406	370
406	345
406	62
406	1
406	0
406	154
407	136
407	163
407	144
407	286
407	98
407	67
407	20
407	55
407	52
407	307
407	478
407	82
407	93
407	120
407	475
407	73
407	142
407	282
407	177
407	128
407	3
407	10
407	458
407	265
407	337
407	283
407	459
407	43
407	0
407	176
407	13
407	447
407	80
407	387
407	467
407	21
407	145
407	156
407	128
407	119
407	3
407	488
407	166
408	45
408	443
408	312
408	374
408	473
408	124
408	11
408	99
408	300
408	152
408	463
408	163
408	326
408	139
408	9
408	90
408	364
408	334
408	2
408	135
408	44
408	5
408	302
408	418
408	385
408	163
408	438
408	28
408	127
408	348
408	189
408	347
408	33
408	130
408	50
409	210
409	171
409	470
409	32
409	276
409	239
409	324
409	24
409	19
409	344
409	11
409	197
409	76
409	374
409	0
409	50
409	277
409	47
409	38
409	292
409	265
409	139
409	321
409	2
409	35
409	86
409	437
409	1
409	350
409	142
409	4
409	75
409	91
409	417
409	60
409	412
409	368
409	52
409	11
409	42
409	88
409	2
409	433
410	59
410	141
410	1
410	354
410	364
410	170
410	31
410	1
410	342
410	366
410	7
410	229
410	44
410	472
410	317
410	323
410	223
410	39
410	440
410	181
410	487
410	237
410	41
410	434
410	141
410	23
410	27
410	169
410	0
410	83
410	93
410	406
410	399
410	329
410	1
410	352
410	0
410	0
410	486
411	290
411	195
411	41
411	125
411	47
411	499
411	1
411	365
411	385
411	426
411	92
411	201
411	286
411	38
411	123
411	279
411	450
411	76
411	286
411	21
411	29
411	4
411	276
411	171
411	11
411	320
411	155
411	20
411	66
411	153
411	250
411	90
411	231
411	471
411	5
411	10
411	4
411	41
411	25
411	414
412	44
412	0
412	42
412	398
412	40
412	380
412	1
412	145
412	79
412	39
412	226
412	30
412	30
412	140
412	90
412	190
412	102
412	3
412	357
412	169
412	292
412	2
412	39
412	371
412	42
412	197
412	90
412	78
412	197
412	84
412	182
412	488
412	95
412	235
412	5
412	98
412	134
412	434
412	82
412	379
412	39
412	56
412	131
413	355
413	244
413	265
413	34
413	284
413	499
413	54
413	476
413	68
413	434
413	26
413	182
413	1
413	175
413	6
413	133
413	294
413	358
413	5
413	0
413	329
413	396
413	489
413	492
413	319
413	459
413	10
413	80
413	339
413	23
413	7
413	71
413	91
413	450
413	124
414	52
414	60
414	217
414	237
414	124
414	61
414	49
414	318
414	211
414	30
414	273
414	5
414	16
414	152
414	99
414	226
414	327
414	261
414	232
414	2
414	2
414	446
414	88
414	464
414	444
414	154
414	5
414	0
414	111
414	14
414	32
414	134
414	309
414	31
414	431
414	69
414	466
414	289
414	324
414	6
415	395
415	85
415	369
415	375
415	108
415	296
415	156
415	138
415	111
415	60
415	205
415	19
415	80
415	77
415	0
415	61
415	149
415	338
415	11
415	362
415	360
415	409
415	60
415	405
415	435
415	31
415	402
415	59
415	220
415	39
415	20
415	366
415	449
415	447
415	44
415	411
415	100
415	12
415	199
415	451
415	12
415	7
415	14
415	406
415	198
415	9
415	417
416	74
416	408
416	188
416	9
416	175
416	95
416	99
416	208
416	8
416	168
416	385
416	314
416	15
416	333
416	100
416	349
416	394
416	117
416	130
416	399
416	1
416	111
416	239
416	174
416	16
416	415
416	20
416	9
416	391
416	221
416	43
416	310
416	134
416	1
416	19
416	391
416	236
416	50
416	476
416	103
417	12
417	96
417	92
417	6
417	29
417	222
417	3
417	46
417	147
417	13
417	462
417	217
417	208
417	115
417	0
417	35
417	123
417	79
417	171
417	2
417	45
417	166
417	225
417	419
417	325
417	142
417	33
417	0
417	21
417	25
417	464
417	138
417	326
418	0
418	29
418	0
418	8
418	107
418	25
418	232
418	472
418	19
418	442
418	177
418	435
418	235
418	173
418	494
418	383
418	310
418	163
418	166
418	54
418	375
418	263
418	115
418	120
418	332
418	79
418	0
418	175
418	48
418	459
418	342
418	73
418	320
418	23
418	341
418	49
418	320
418	1
418	290
418	485
418	354
418	27
418	415
418	457
418	96
418	98
419	236
419	265
419	438
419	65
419	3
419	445
419	367
419	279
419	359
419	355
419	7
419	355
419	81
419	94
419	16
419	456
419	160
419	180
419	13
419	171
419	286
419	0
419	13
419	50
419	261
419	382
419	38
419	255
419	52
419	89
419	84
419	360
419	233
419	348
419	415
419	460
