252	167
252	405
252	300
252	2
252	222
252	458
252	31
252	443
252	117
252	89
252	18
252	314
252	363
252	13
252	477
252	88
252	54
252	66
252	234
252	0
252	237
252	73
252	191
252	55
252	13
252	22
252	392
252	118
252	147
252	25
252	438
252	0
252	28
252	487
252	318
252	73
252	65
252	95
253	379
253	22
253	240
253	45
253	3
253	19
253	247
253	320
253	63
253	20
253	4
253	46
253	388
253	33
253	461
253	93
253	101
253	61
253	367
253	200
253	55
253	417
253	134
253	140
253	158
253	31
253	99
253	417
253	31
253	4
253	467
253	47
253	256
253	120
253	20
253	5
253	401
253	2
253	152
253	357
253	123
254	78
254	2
254	51
254	130
254	460
254	336
254	3
254	0
254	325
254	104
254	172
254	15
254	39
254	29
254	5
254	21
254	361
254	5
254	342
254	25
254	51
254	330
254	121
254	149
254	55
254	311
254	273
254	15
254	192
254	396
254	47
254	18
254	16
254	0
254	285
254	396
254	109
255	346
255	26
255	116
255	434
255	46
255	499
255	173
255	7
255	130
255	173
255	341
255	111
255	55
255	5
255	267
255	177
255	465
255	121
255	78
255	17
255	83
255	307
255	444
255	334
255	0
255	39
255	159
255	167
255	2
255	55
255	306
255	163
255	489
255	0
255	1
255	293
255	34
255	24
255	71
255	359
256	145
256	312
256	73
256	50
256	488
256	179
256	422
256	496
256	334
256	171
256	416
256	360
256	15
256	182
256	61
256	52
256	229
256	422
256	332
256	258
256	333
256	8
256	14
256	101
256	165
256	293
256	108
256	0
256	17
256	107
256	12
256	15
256	13
256	32
256	41
256	3
256	190
256	6
257	273
257	149
257	11
257	32
257	4
257	21
257	87
257	244
257	66
257	225
257	190
257	250
257	14
257	70
257	350
257	189
257	141
257	124
257	463
257	274
257	447
257	332
257	264
257	484
257	361
257	476
257	25
257	22
257	440
257	8
257	33
257	8
257	115
257	157
257	17
257	321
257	11
257	38
257	1
257	8
258	459
258	164
258	393
258	340
258	17
258	360
258	64
258	1
258	4
258	161
258	57
258	255
258	481
258	363
258	25
258	40
258	51
258	51
258	23
258	166
258	218
258	412
258	472
258	375
258	472
258	291
258	58
258	35
258	261
258	72
258	31
258	135
258	110
259	218
259	428
259	475
259	14
259	423
259	17
259	14
259	175
259	102
259	454
259	63
259	481
259	213
259	6
259	46
259	79
259	160
259	16
259	59
259	226
259	216
259	82
259	126
259	352
259	14
259	148
259	217
259	24
259	229
259	29
259	452
259	463
259	41
259	19
259	84
260	422
260	32
260	380
260	461
260	0
260	147
260	32
260	1
260	70
260	113
260	34
260	71
260	489
260	5
260	400
260	15
260	166
260	37
260	74
260	237
260	333
260	160
260	215
260	34
260	200
260	379
260	129
260	109
260	68
260	298
260	381
260	420
260	284
260	348
260	13
260	438
260	466
260	345
260	272
260	455
261	340
261	276
261	336
261	0
261	249
261	476
261	29
261	33
261	426
261	162
261	22
261	44
261	278
261	448
261	19
261	73
261	46
261	29
261	4
261	86
261	30
261	236
261	435
261	157
261	195
261	361
261	248
261	70
261	304
261	3
261	82
261	32
261	398
261	186
261	11
261	39
261	28
261	0
261	383
261	73
261	1
261	207
261	366
261	105
262	107
262	126
262	60
262	21
262	15
262	360
262	39
262	108
262	55
262	175
262	109
262	26
262	306
262	273
262	409
262	479
262	40
262	57
262	76
262	224
262	320
262	417
262	11
262	418
262	230
262	0
262	7
262	50
262	25
262	160
262	139
262	296
262	5
262	136
262	4
262	471
262	19
262	491
262	90
262	159
262	489
262	418
262	2
263	253
263	48
263	95
263	30
263	412
263	321
263	167
263	252
263	47
263	71
263	21
263	240
263	69
263	103
263	43
263	9
263	76
263	412
263	52
263	128
263	326
263	191
263	395
263	294
263	107
263	465
263	7
263	4
263	45
263	17
263	1
263	329
263	346
263	36
263	489
263	169
263	216
263	3
263	256
263	72
264	245
264	122
264	8
264	62
264	142
264	416
264	79
264	49
264	58
264	126
264	457
264	16
264	415
264	117
264	176
264	235
264	112
264	280
264	135
264	88
264	102
264	46
264	328
264	1
264	482
264	350
264	81
264	410
264	181
264	367
264	283
264	335
264	479
264	123
264	3
264	123
264	479
264	469
264	33
264	413
264	89
264	2
264	3
264	74
264	21
264	295
265	162
265	18
265	419
265	89
265	342
265	294
265	324
265	275
265	468
265	434
265	425
265	314
265	112
265	37
265	203
265	65
265	42
265	54
265	212
265	1
265	493
265	89
265	142
265	5
265	65
265	480
265	288
265	167
265	90
265	418
265	298
265	66
265	301
265	354
265	420
265	16
265	74
266	136
266	21
266	46
266	72
266	297
266	146
266	37
266	56
266	440
266	443
266	41
266	31
266	0
266	0
266	21
266	189
266	433
266	235
266	107
266	42
266	165
266	393
266	6
266	365
266	82
266	19
266	152
266	130
266	350
266	19
266	474
266	0
266	49
266	436
266	11
266	343
266	330
266	29
266	316
266	413
267	399
267	34
267	405
267	299
267	456
267	188
267	193
267	181
267	1
267	324
267	79
267	129
267	459
267	267
267	173
267	137
267	44
267	79
267	244
267	1
267	314
267	281
267	192
267	1
267	53
267	27
267	314
267	202
267	73
267	83
267	66
267	258
267	87
267	6
267	96
267	90
267	45
267	13
267	14
267	80
267	0
267	18
267	12
267	58
268	147
268	141
268	159
268	46
268	27
268	127
268	39
268	109
268	215
268	282
268	286
268	108
268	420
268	2
268	84
268	32
268	3
268	2
268	4
268	383
268	5
268	162
268	264
268	291
268	1
268	53
268	262
268	439
268	171
268	169
268	340
268	48
268	132
268	61
268	59
268	108
268	162
268	18
268	20
268	202
269	457
269	281
269	83
269	93
269	146
269	54
269	131
269	9
269	58
269	427
269	376
269	135
269	0
269	0
269	1
269	383
269	404
269	74
269	9
269	379
269	71
269	319
269	113
269	175
269	15
269	166
269	65
269	169
269	20
269	14
269	30
269	226
269	50
269	0
269	226
269	4
269	314
269	488
269	225
269	397
269	13
269	146
269	43
269	28
269	23
269	120
270	86
270	131
270	30
270	48
270	216
270	324
270	325
270	231
270	255
270	355
270	44
270	330
270	291
270	281
270	194
270	435
270	371
270	96
270	484
270	56
270	141
270	125
270	348
270	387
270	202
270	246
270	19
270	321
270	478
270	435
270	16
270	244
270	280
270	11
270	165
270	0
270	61
270	476
270	447
270	54
270	39
270	10
270	270
271	421
271	29
271	426
271	25
271	317
271	14
271	97
271	3
271	258
271	5
271	360
271	492
271	26
271	233
271	406
271	478
271	228
271	3
271	400
271	1
271	465
271	206
271	153
271	0
271	1
271	454
271	30
271	417
271	145
271	3
271	72
271	57
271	117
271	27
271	296
271	379
271	0
271	30
271	367
271	149
271	246
271	0
271	478
271	294
271	466
271	7
272	478
272	155
272	16
272	364
272	491
272	220
272	3
272	36
272	84
272	49
272	2
272	454
272	418
272	18
272	94
272	67
272	214
272	16
272	34
272	13
272	60
272	243
272	163
272	178
272	391
272	284
272	284
272	12
272	23
272	182
272	477
272	20
272	243
272	1
273	183
273	304
273	91
273	439
273	25
273	107
273	57
273	220
273	15
273	329
273	77
273	127
273	119
273	6
273	6
273	371
273	12
273	7
273	137
273	11
273	169
273	460
273	63
273	17
273	383
273	96
273	6
273	240
273	200
273	8
273	50
273	442
273	454
273	289
273	35
273	271
273	155
273	4
273	1
273	43
273	1
273	112
273	183
273	289
273	213
274	344
274	456
274	23
274	30
274	243
274	27
274	67
274	163
274	54
274	137
274	103
274	170
274	6
274	446
274	36
274	156
274	85
274	135
274	19
274	286
274	172
274	269
274	155
274	284
274	315
274	407
274	450
274	151
274	49
274	471
274	47
274	353
274	88
274	296
274	21
274	11
274	1
275	33
275	212
275	177
275	5
275	13
275	86
275	482
275	7
275	4
275	233
275	361
275	96
275	4
275	321
275	368
275	264
275	67
275	440
275	380
275	252
275	103
275	321
275	94
275	0
275	138
275	114
275	174
275	107
275	365
275	3
275	213
275	81
275	2
275	52
275	331
275	307
275	433
275	265
275	52
275	328
275	269
275	74
275	34
275	44
276	19
276	164
276	385
276	14
276	224
276	337
276	160
276	298
276	148
276	67
276	112
276	2
276	6
276	29
276	1
276	168
276	29
276	302
276	122
276	95
276	5
276	320
276	10
276	148
276	422
276	116
276	93
276	290
276	397
276	80
276	362
276	364
276	231
276	25
276	140
276	354
276	336
276	6
276	71
276	475
277	109
277	2
277	227
277	495
277	33
277	44
277	7
277	21
277	156
277	139
277	139
277	51
277	2
277	349
277	88
277	84
277	119
277	34
277	362
277	1
277	265
277	392
277	277
277	1
277	282
277	162
277	68
277	416
277	303
277	356
277	79
277	18
277	89
277	262
277	354
277	136
277	341
277	31
277	423
277	120
278	57
278	370
278	0
278	285
278	290
278	12
278	125
278	89
278	54
278	44
278	376
278	220
278	386
278	0
278	22
278	170
278	390
278	3
278	331
278	237
278	159
278	10
278	13
278	300
278	27
278	49
278	68
278	32
278	23
278	10
278	123
278	135
278	150
278	225
278	62
278	42
278	342
278	31
278	361
278	14
278	383
278	428
278	466
278	2
279	67
279	18
279	0
279	155
279	471
279	235
279	44
279	89
279	366
279	345
279	302
279	420
279	43
279	26
279	37
279	38
279	297
279	23
279	253
279	298
279	58
279	209
279	232
279	0
279	4
279	76
279	38
279	156
279	324
279	71
279	154
279	36
279	102
279	20
279	486
279	252
279	291
279	287
279	344
280	260
280	257
280	462
280	28
280	0
280	307
280	123
280	110
280	142
280	33
280	363
280	120
280	313
280	5
280	430
280	19
280	82
280	424
280	457
280	444
280	348
280	389
280	196
280	240
280	375
280	442
280	2
280	329
280	211
280	47
280	87
280	194
280	375
280	237
280	441
280	16
281	38
281	4
281	76
281	47
281	213
281	401
281	380
281	32
281	13
281	258
281	0
281	102
281	42
281	400
281	3
281	210
281	337
281	6
281	264
281	89
281	135
281	255
281	348
281	475
281	125
281	9
281	4
281	12
281	237
281	5
281	134
281	215
281	132
281	200
281	47
281	70
281	476
281	61
281	494
281	179
281	278
281	0
281	456
282	389
282	79
282	268
282	42
282	24
282	100
282	468
282	14
282	11
282	193
282	46
282	182
282	90
282	216
282	21
282	29
282	59
282	89
282	199
282	44
282	40
282	92
282	218
282	351
282	134
282	459
282	8
282	260
282	29
282	478
282	272
282	202
282	276
282	365
282	100
282	261
282	90
282	142
282	5
282	258
282	31
283	23
283	4
283	2
283	274
283	406
283	71
283	76
283	483
283	0
283	1
283	120
283	234
283	441
283	156
283	2
283	7
283	151
283	25
283	484
283	20
283	367
283	34
283	133
283	6
283	1
283	377
283	53
283	377
283	286
283	496
283	29
283	484
283	10
283	85
283	0
283	16
283	282
283	495
284	94
284	202
284	242
284	58
284	280
284	488
284	358
284	47
284	41
284	237
284	1
284	437
284	398
284	34
284	138
284	12
284	153
284	68
284	335
284	20
284	141
284	38
284	417
284	44
284	0
284	324
284	127
284	2
284	35
284	289
284	421
284	447
284	13
284	53
284	72
284	439
284	74
284	443
284	183
284	11
285	221
285	148
285	27
285	0
285	297
285	214
285	301
285	152
285	51
285	223
285	205
285	0
285	429
285	495
285	142
285	363
285	38
285	107
285	32
285	7
285	249
285	85
285	54
285	159
285	499
285	497
285	0
285	69
285	367
285	293
285	211
285	167
285	104
285	449
285	147
285	4
285	10
285	472
285	56
286	412
286	82
286	356
286	89
286	113
286	107
286	365
286	114
286	144
286	205
286	472
286	22
286	319
286	283
286	273
286	478
286	16
286	14
286	476
286	288
286	427
286	66
286	217
286	183
286	138
286	54
286	79
286	229
286	1
286	291
286	123
286	223
286	6
287	2
287	133
287	31
287	164
287	179
287	398
287	3
287	463
287	72
287	97
287	14
287	302
287	432
287	222
287	125
287	301
287	255
287	150
287	7
287	370
287	357
287	126
287	1
287	346
287	422
287	498
287	67
287	25
287	230
287	72
287	337
287	239
287	16
288	87
288	134
288	0
288	498
288	429
288	72
288	233
288	125
288	2
288	51
288	236
288	338
288	199
288	100
288	316
288	31
288	469
288	12
288	153
288	8
288	197
288	69
288	434
288	264
288	154
288	101
288	30
288	396
288	177
288	248
288	46
288	43
289	486
289	39
289	8
289	65
289	403
289	171
289	40
289	21
289	306
289	432
289	349
289	484
289	360
289	76
289	63
289	251
289	388
289	10
289	14
289	85
289	476
289	336
289	403
289	3
289	26
289	7
289	156
289	0
289	297
289	125
289	189
289	9
289	52
289	388
289	359
290	31
290	195
290	407
290	28
290	220
290	273
290	46
290	16
290	213
290	371
290	358
290	203
290	33
290	125
290	427
290	86
290	390
290	161
290	479
290	131
290	245
290	9
290	141
290	454
290	87
290	52
290	77
290	25
290	25
290	0
290	319
290	58
290	239
290	361
290	135
290	171
290	401
290	52
290	363
290	178
290	451
290	80
290	197
290	123
290	261
291	144
291	74
291	164
291	257
291	419
291	129
291	331
291	496
291	289
291	129
291	144
291	12
291	0
291	125
291	453
291	287
291	385
291	257
291	195
291	149
291	111
291	354
291	1
291	3
291	43
291	173
291	65
291	15
291	89
291	100
291	68
291	451
291	6
291	8
291	361
291	16
291	12
291	269
291	318
291	39
291	240
291	223
291	220
291	337
291	225
292	1
292	95
292	293
292	12
292	426
292	111
292	84
292	1
292	0
292	73
292	460
292	12
292	331
292	359
292	170
292	99
292	258
292	99
292	334
292	459
292	146
292	379
292	19
292	491
292	1
292	61
292	93
292	300
292	227
292	113
292	1
292	368
292	406
292	291
292	151
292	225
292	446
293	170
293	201
293	196
293	364
293	415
293	174
293	376
293	430
293	164
293	471
293	3
293	178
293	0
293	448
293	460
293	437
293	149
293	389
293	31
293	32
293	123
293	163
293	43
293	317
293	97
293	257
293	84
293	14
293	168
293	53
293	292
293	59
293	1
293	201
293	168
293	114
294	98
294	29
294	257
294	304
294	90
294	37
294	425
294	88
294	26
294	55
294	328
294	11
294	1
294	170
294	33
294	4
294	322
294	133
294	175
294	235
294	25
294	424
294	244
294	21
294	82
294	4
294	239
294	325
294	0
294	108
294	0
294	435
294	32
294	254
294	118
294	363
294	8
294	40
294	146
295	9
295	314
295	161
295	430
295	7
295	29
295	494
295	463
295	28
295	6
295	188
295	323
295	96
295	330
295	313
295	48
295	339
295	0
295	349
295	25
295	156
295	194
295	187
295	38
295	175
295	128
295	250
295	407
295	10
295	481
295	447
295	331
295	27
295	38
295	333
295	400
295	488
295	498
295	273
295	483
296	70
296	143
296	396
296	374
296	397
296	352
296	430
296	3
296	235
296	95
296	368
296	129
296	466
296	2
296	3
296	150
296	350
296	303
296	181
296	37
296	460
296	436
296	257
296	136
296	306
296	124
296	279
296	251
296	64
296	61
296	282
296	454
296	194
296	172
296	56
296	398
296	11
296	34
296	239
296	22
296	1
296	199
296	137
297	5
297	87
297	30
297	243
297	497
297	9
297	405
297	95
297	68
297	16
297	225
297	488
297	13
297	269
297	3
297	359
297	168
297	165
297	9
297	140
297	13
297	12
297	268
297	138
297	213
297	72
297	17
297	15
297	284
297	319
297	3
297	4
297	89
297	42
297	24
297	176
297	5
297	63
297	5
297	0
297	189
297	144
298	17
298	51
298	480
298	145
298	98
298	449
298	467
298	250
298	200
298	15
298	101
298	5
298	456
298	96
298	57
298	378
298	471
298	418
298	29
298	79
298	16
298	414
298	30
298	112
298	39
298	14
298	380
298	13
298	33
298	157
298	138
298	82
298	166
298	11
298	79
298	454
298	379
298	0
298	305
298	60
298	434
298	355
299	57
299	218
299	443
299	170
299	216
299	48
299	237
299	151
299	282
299	192
299	467
299	332
299	195
299	394
299	1
299	487
299	389
299	389
299	130
299	17
299	43
299	247
299	434
299	112
299	64
299	12
299	445
299	17
299	248
299	448
299	359
299	75
299	90
299	123
299	1
299	48
299	1
299	63
299	134
300	311
300	429
300	3
300	37
300	261
300	443
300	72
300	475
300	35
300	13
300	105
300	4
300	3
300	318
300	472
300	222
300	53
300	69
300	445
300	27
300	410
300	8
300	43
300	344
300	73
300	465
300	78
300	409
300	81
300	58
300	75
300	373
300	247
300	199
300	35
300	330
300	188
300	55
300	315
300	446
301	18
301	105
301	272
301	105
301	192
301	212
301	479
301	384
301	256
301	113
301	122
301	2
301	250
301	1
301	8
301	78
301	27
301	366
301	10
301	2
301	424
301	65
301	171
301	52
301	23
301	87
301	214
301	358
301	239
301	12
301	53
301	25
301	452
301	276
301	437
301	142
302	355
302	269
302	20
302	28
302	224
302	155
302	473
302	339
302	294
302	30
302	37
302	206
302	214
302	163
302	222
302	481
302	55
302	6
302	24
302	4
302	385
302	200
302	27
302	414
302	231
302	456
302	19
302	206
302	283
302	436
302	147
302	63
302	13
302	276
302	308
302	387
302	244
302	435
303	395
303	18
303	1
303	312
303	306
303	487
303	48
303	296
303	70
303	42
303	306
303	490
303	15
303	163
303	317
303	146
303	19
303	369
303	170
303	158
303	92
303	0
303	448
303	0
303	6
303	405
303	72
303	15
303	302
303	236
303	58
303	20
303	5
303	433
303	178
303	287
303	84
303	78
303	331
304	281
304	386
304	1
304	251
304	98
304	299
304	24
304	406
304	306
304	373
304	0
304	162
304	49
304	467
304	405
304	414
304	16
304	272
304	13
304	346
304	119
304	135
304	273
304	4
304	23
304	218
304	274
304	455
304	25
304	91
304	76
304	347
304	90
304	344
304	280
304	267
304	123
304	297
304	251
304	140
304	0
305	388
305	454
305	2
305	326
305	8
305	63
305	152
305	48
305	77
305	106
305	393
305	100
305	48
305	3
305	128
305	123
305	104
305	40
305	3
305	126
305	134
305	387
305	175
305	102
305	0
305	447
305	229
305	0
305	252
305	21
305	497
305	0
305	259
305	435
305	29
305	206
305	0
305	32
306	141
306	365
306	363
306	1
306	247
306	372
306	49
306	282
306	138
306	281
306	83
306	318
306	28
306	148
306	0
306	353
306	148
306	145
306	410
306	336
306	450
306	1
306	89
306	5
306	378
306	264
306	41
306	15
306	171
306	174
306	199
306	231
306	147
306	281
306	161
306	460
306	3
306	99
306	279
306	403
306	14
306	240
306	271
306	142
306	70
307	280
307	125
307	61
307	32
307	10
307	2
307	39
307	16
307	1
307	374
307	324
307	357
307	172
307	467
307	486
307	384
307	405
307	248
307	157
307	371
307	230
307	496
307	4
307	365
307	482
307	31
307	94
307	76
307	8
307	132
307	324
307	190
307	361
308	49
308	439
308	209
308	54
308	23
308	441
308	408
308	452
308	4
308	333
308	155
308	157
308	350
308	110
308	41
308	409
308	31
308	224
308	12
308	181
308	20
308	102
308	11
308	359
308	221
308	198
308	11
308	41
308	157
308	491
308	1
308	27
308	294
308	11
308	82
308	402
308	44
308	463
308	351
308	7
308	194
308	16
309	21
309	321
309	427
309	467
309	342
309	385
309	9
309	263
309	155
309	141
309	62
309	372
309	36
309	85
309	338
309	16
309	369
309	53
309	111
309	14
309	304
309	63
309	20
309	34
309	231
309	301
309	388
309	43
309	3
309	172
309	437
309	3
309	148
309	420
309	18
309	118
309	431
309	6
309	391
310	364
310	439
310	98
310	491
310	271
310	166
310	27
310	320
310	92
310	426
310	21
310	429
310	84
310	3
310	102
310	181
310	87
310	462
310	173
310	328
310	0
310	333
310	206
310	51
310	215
310	9
310	127
310	30
310	170
310	118
310	48
310	335
310	42
310	150
310	206
310	43
310	8
310	275
310	1
310	44
311	370
311	266
311	280
311	59
311	459
311	8
311	154
311	28
311	402
311	89
311	226
311	0
311	52
311	0
311	175
311	344
311	8
311	396
311	232
311	240
311	15
311	340
311	8
311	73
311	34
311	248
311	18
311	54
311	14
311	10
311	40
311	62
311	338
311	173
311	402
311	173
311	56
311	187
311	244
311	224
311	238
311	5
311	0
311	365
311	7
312	303
312	354
312	210
312	29
312	283
312	10
312	116
312	12
312	29
312	3
312	340
312	17
312	429
312	262
312	4
312	142
312	265
312	173
312	19
312	136
312	52
312	84
312	11
312	166
312	355
312	65
312	457
312	27
312	359
312	392
312	17
312	146
312	39
312	4
312	196
312	291
312	250
312	63
312	247
312	113
312	198
312	177
312	440
312	4
312	48
312	67
312	90
312	52
312	313
313	394
313	118
313	40
313	262
313	145
313	89
313	1
313	463
313	34
313	35
313	160
313	0
313	13
313	44
313	24
313	299
313	463
313	1
313	79
313	2
313	414
313	98
313	66
313	62
313	74
313	54
313	48
313	420
313	5
313	22
313	15
313	54
313	104
313	213
313	499
314	108
314	15
314	37
314	45
314	202
314	34
314	72
314	147
314	443
314	108
314	199
314	4
314	8
314	319
314	274
314	446
314	461
314	53
314	2
314	406
314	83
314	493
314	167
314	67
314	291
314	18
314	469
314	153
314	118
314	59
314	207
314	473
314	41
314	11
314	397
314	8
315	161
315	196
315	380
315	87
315	0
315	12
315	463
315	52
315	8
315	134
315	20
315	204
315	2
315	402
315	189
315	315
315	365
315	344
315	476
315	19
315	254
315	444
315	219
315	60
315	18
315	1
315	323
315	284
315	43
315	336
315	368
315	3
315	303
316	121
316	32
316	222
316	284
316	306
316	373
316	120
316	234
316	10
316	74
316	229
316	171
316	440
316	138
316	44
316	89
316	420
316	91
316	155
316	422
316	315
316	128
316	257
316	24
316	117
316	493
316	82
316	181
316	335
316	98
316	0
316	264
316	161
316	112
316	464
316	49
316	194
316	11
316	2
316	90
316	22
317	43
317	18
317	129
317	31
317	157
317	201
317	111
317	200
317	62
317	248
317	69
317	74
317	110
317	8
317	62
317	452
317	24
317	10
317	27
317	20
317	25
317	7
317	408
317	12
317	199
317	216
317	3
317	242
317	457
317	13
317	212
317	150
317	7
317	62
318	7
318	260
318	0
318	79
318	3
318	494
318	30
318	42
318	173
318	42
318	212
318	315
318	364
318	350
318	437
318	432
318	18
318	287
318	389
318	380
318	207
318	56
318	469
318	0
318	370
318	283
318	363
318	84
318	42
318	58
318	142
318	233
318	307
318	56
318	48
318	70
318	138
318	322
318	20
318	188
318	344
318	184
318	2
318	4
319	17
319	456
319	58
319	137
319	383
319	119
319	41
319	164
319	0
319	98
319	16
319	100
319	189
319	277
319	2
319	24
319	57
319	90
319	14
319	236
319	346
319	81
319	57
319	153
319	364
319	67
319	304
319	459
319	36
319	0
319	266
319	165
319	480
319	317
319	40
320	211
320	239
320	147
320	340
320	458
320	54
320	330
320	247
320	4
320	98
320	88
320	57
320	29
320	77
320	332
320	133
320	277
320	420
320	407
320	317
320	77
320	356
320	22
320	1
320	72
320	237
320	7
320	283
320	417
320	52
320	57
320	346
320	170
320	391
320	21
320	434
320	9
320	71
320	261
321	188
321	129
321	249
321	29
321	226
321	0
321	133
321	104
321	366
321	16
321	125
321	34
321	10
321	61
321	8
321	123
321	8
321	109
321	11
321	275
321	497
321	53
321	490
321	293
321	363
321	361
321	291
321	32
321	0
321	178
321	102
321	203
321	178
321	465
321	113
321	106
321	125
321	4
321	49
321	54
321	202
321	254
322	124
322	28
322	22
322	211
322	211
322	374
322	152
322	236
322	16
322	359
322	424
322	2
322	139
322	408
322	468
322	15
322	415
322	124
322	117
322	308
322	35
322	255
322	5
322	112
322	33
322	134
322	5
322	450
322	45
322	238
322	465
322	416
322	77
322	10
322	289
322	41
322	22
323	178
323	38
323	258
323	475
323	147
323	45
323	77
323	340
323	48
323	330
323	319
323	484
323	180
323	432
323	165
323	33
323	91
323	388
323	160
323	401
323	244
323	24
323	304
323	107
323	167
323	127
323	35
323	94
323	43
323	124
323	54
323	122
323	436
323	304
323	10
324	3
324	35
324	278
324	115
324	185
324	38
324	20
324	385
324	133
324	18
324	470
324	57
324	5
324	230
324	237
324	355
324	288
324	452
324	435
324	407
324	5
324	248
324	45
324	6
324	9
324	228
324	49
324	86
324	7
324	245
324	58
324	88
324	0
324	51
324	4
324	396
324	357
325	61
325	3
325	52
325	404
325	6
325	412
325	434
325	129
325	384
325	35
325	71
325	8
325	12
325	361
325	469
325	459
325	59
325	51
325	5
325	494
325	390
325	225
325	138
325	8
325	0
325	294
325	463
325	178
325	198
325	40
325	6
325	66
326	433
326	44
326	254
326	484
326	0
326	309
326	26
326	24
326	146
326	193
326	174
326	490
326	43
326	75
326	1
326	148
326	305
326	362
326	343
326	199
326	69
326	48
326	479
326	168
326	268
326	4
326	265
326	428
326	278
326	24
326	71
326	426
326	33
326	312
326	142
326	204
326	34
326	301
327	196
327	56
327	422
327	103
327	38
327	438
327	31
327	145
327	2
327	205
327	239
327	52
327	166
327	292
327	338
327	32
327	359
327	111
327	42
327	369
327	205
327	31
327	1
327	10
327	286
327	87
327	106
327	467
327	276
327	100
327	320
327	289
327	1
327	330
327	1
327	397
327	389
327	27
327	195
327	227
327	149
328	40
328	0
328	76
328	174
328	438
328	374
328	431
328	17
328	389
328	310
328	51
328	323
328	165
328	89
328	4
328	110
328	33
328	1
328	157
328	81
328	1
328	210
328	6
328	3
328	21
328	426
328	133
328	5
328	74
328	382
328	251
328	164
328	304
328	3
328	14
328	54
328	34
328	0
328	261
328	6
328	86
329	131
329	9
329	109
329	343
329	292
329	266
329	142
329	18
329	178
329	30
329	308
329	114
329	89
329	361
329	47
329	331
329	462
329	141
329	221
329	318
329	238
329	113
329	491
329	489
329	202
329	345
329	6
329	31
329	477
329	133
329	210
329	330
329	22
329	25
329	162
329	4
329	10
329	24
329	137
330	20
330	159
330	1
330	118
330	185
330	8
330	341
330	463
330	320
330	336
330	44
330	60
330	219
330	178
330	79
330	444
330	10
330	188
330	58
330	477
330	22
330	376
330	342
330	493
330	356
330	71
330	338
330	65
330	30
330	3
330	230
330	243
330	304
330	136
331	280
331	497
331	33
331	31
331	88
331	448
331	355
331	16
331	0
331	61
331	20
331	422
331	55
331	78
331	54
331	364
331	165
331	384
331	245
331	493
331	379
331	25
331	136
331	341
331	372
331	57
331	255
331	448
331	134
331	42
331	42
331	149
331	56
331	143
331	12
331	0
331	58
331	332
331	377
331	21
332	361
332	311
332	1
332	348
332	281
332	26
332	394
332	3
332	156
332	359
332	24
332	482
332	3
332	288
332	100
332	165
332	190
332	94
332	134
332	337
332	49
332	13
332	349
332	392
332	22
332	269
333	73
333	4
333	226
333	19
333	3
333	363
333	367
333	124
333	495
333	273
333	0
333	106
333	193
333	45
333	489
333	341
333	52
333	264
333	318
333	189
333	123
333	453
333	133
333	95
333	215
333	63
333	313
333	164
333	2
333	381
333	16
333	15
333	450
333	24
333	18
333	164
333	31
333	200
333	316
334	8
334	400
334	427
334	46
334	193
334	80
334	22
334	17
334	83
334	292
334	359
334	11
334	220
334	246
334	452
334	28
334	225
334	169
334	21
334	498
334	38
334	144
334	1
334	416
334	329
334	296
334	98
334	487
334	495
334	21
334	190
334	216
334	89
334	290
334	133
334	1
334	145
334	484
334	2
334	367
334	479
335	478
335	164
335	74
335	491
335	81
335	313
335	6
335	401
335	3
335	87
335	3
335	380
335	0
335	241
335	202
335	168
335	164
335	56
335	54
335	100
335	233
335	202
335	285
335	282
335	53
335	90
335	140
335	25
335	28
335	282
335	207
335	14
335	0
335	140
335	20
335	429
335	249
335	267
335	253
335	153
335	38
335	22
335	218
335	70
