420	17
420	232
420	11
420	54
420	4
420	56
420	44
420	111
420	158
420	329
420	460
420	421
420	474
420	323
420	425
420	10
420	370
420	193
420	448
420	293
420	74
420	494
420	29
420	33
420	102
420	17
420	90
420	20
420	42
420	165
420	54
420	365
420	351
420	166
420	265
420	336
420	91
421	409
421	12
421	84
421	211
421	103
421	143
421	42
421	134
421	50
421	417
421	54
421	69
421	7
421	8
421	0
421	0
421	328
421	487
421	113
421	143
421	327
421	6
421	7
421	446
421	14
421	368
421	71
421	155
421	414
421	241
421	426
421	0
421	378
421	7
421	454
421	188
421	202
421	158
421	457
421	386
421	38
421	19
421	376
421	3
421	474
422	460
422	120
422	281
422	172
422	408
422	149
422	121
422	41
422	103
422	368
422	380
422	92
422	330
422	1
422	485
422	163
422	32
422	0
422	372
422	333
422	165
422	489
422	466
422	128
422	249
422	94
422	6
422	10
422	72
422	0
422	429
422	335
422	307
422	416
422	240
422	83
422	9
422	372
422	0
423	10
423	257
423	490
423	418
423	168
423	8
423	371
423	18
423	5
423	88
423	74
423	243
423	3
423	72
423	199
423	343
423	222
423	2
423	3
423	10
423	323
423	212
423	379
423	96
423	55
423	2
423	71
423	44
423	300
423	15
423	316
423	80
423	299
423	37
423	395
423	388
423	402
423	50
423	231
423	29
423	182
423	33
423	156
423	21
423	3
423	287
423	107
424	366
424	372
424	397
424	159
424	1
424	162
424	464
424	48
424	6
424	489
424	165
424	15
424	331
424	156
424	38
424	210
424	399
424	271
424	374
424	52
424	42
424	80
424	18
424	4
424	119
424	351
424	74
424	17
424	11
424	295
424	89
424	48
425	338
425	409
425	26
425	20
425	196
425	205
425	182
425	192
425	12
425	285
425	33
425	27
425	1
425	23
425	33
425	433
425	1
425	68
425	428
425	358
425	171
425	320
425	1
425	109
425	263
425	150
425	267
425	382
425	294
425	64
425	1
425	478
425	2
425	374
425	5
425	341
425	1
425	160
425	264
425	0
425	67
425	345
425	281
425	206
425	188
426	3
426	147
426	350
426	336
426	162
426	73
426	0
426	131
426	251
426	467
426	10
426	297
426	10
426	123
426	76
426	116
426	124
426	407
426	107
426	113
426	99
426	299
426	249
426	495
426	10
426	96
426	247
426	39
426	23
426	409
426	106
426	1
426	6
426	81
426	364
426	431
426	337
426	108
426	24
426	260
426	6
426	109
426	2
426	32
426	143
426	113
426	6
427	422
427	76
427	225
427	1
427	91
427	265
427	38
427	367
427	401
427	123
427	0
427	306
427	210
427	499
427	323
427	335
427	164
427	235
427	140
427	387
427	356
427	118
427	474
427	28
427	237
427	5
427	17
427	151
427	250
427	21
427	113
427	281
427	1
427	80
427	239
428	36
428	48
428	496
428	50
428	148
428	44
428	66
428	99
428	418
428	0
428	33
428	242
428	17
428	307
428	322
428	308
428	73
428	126
428	85
428	312
428	229
428	362
428	297
428	14
428	26
428	281
428	217
428	5
428	18
428	236
428	317
428	60
428	82
428	0
428	11
428	27
428	478
428	344
428	284
429	360
429	412
429	340
429	304
429	132
429	484
429	309
429	116
429	22
429	373
429	265
429	253
429	43
429	15
429	469
429	90
429	3
429	111
429	271
429	434
429	295
429	363
429	0
429	278
429	266
429	349
429	409
429	297
429	65
429	110
429	3
429	243
429	308
429	156
429	36
429	155
429	98
429	104
429	142
430	82
430	76
430	176
430	182
430	289
430	187
430	9
430	372
430	8
430	372
430	346
430	126
430	176
430	378
430	444
430	424
430	199
430	111
430	29
430	302
430	2
430	162
430	89
430	443
430	79
430	36
430	372
430	0
430	20
430	319
430	139
430	72
430	324
430	378
430	188
430	45
430	161
430	188
430	134
430	3
431	54
431	129
431	369
431	93
431	256
431	80
431	58
431	267
431	163
431	477
431	43
431	45
431	303
431	4
431	5
431	4
431	150
431	59
431	95
431	341
431	211
431	5
431	62
431	405
431	163
431	478
431	406
431	440
431	52
431	78
431	484
431	44
431	344
431	22
431	11
431	273
431	43
431	174
431	59
431	436
431	10
431	376
432	94
432	231
432	22
432	160
432	37
432	250
432	385
432	253
432	13
432	21
432	11
432	170
432	315
432	467
432	282
432	446
432	405
432	440
432	12
432	444
432	87
432	133
432	473
432	253
432	186
432	452
432	425
432	456
432	486
432	423
432	97
432	90
432	490
432	73
432	346
432	62
432	15
432	139
432	497
432	263
432	6
432	439
433	153
433	203
433	16
433	9
433	0
433	485
433	22
433	90
433	23
433	12
433	39
433	317
433	32
433	323
433	482
433	394
433	174
433	166
433	150
433	295
433	56
433	284
433	204
433	65
433	333
433	3
433	360
433	10
433	182
433	198
433	246
433	46
433	291
433	328
433	130
433	2
433	383
433	0
433	161
433	441
434	449
434	388
434	285
434	4
434	293
434	37
434	275
434	103
434	317
434	115
434	468
434	119
434	477
434	280
434	278
434	53
434	0
434	134
434	170
434	110
434	152
434	0
434	1
434	285
434	102
434	372
434	187
434	146
434	71
434	72
434	2
434	152
434	276
434	113
434	257
434	106
434	60
434	448
434	380
434	6
434	405
434	128
434	13
434	160
435	231
435	173
435	101
435	84
435	29
435	130
435	277
435	118
435	231
435	159
435	304
435	370
435	8
435	20
435	362
435	73
435	385
435	268
435	243
435	411
435	143
435	90
435	18
435	63
435	309
435	1
435	110
435	77
435	357
435	31
435	385
435	165
435	240
435	82
435	253
435	466
436	108
436	83
436	216
436	46
436	139
436	400
436	282
436	138
436	52
436	99
436	354
436	390
436	143
436	140
436	398
436	387
436	3
436	51
436	452
436	55
436	13
436	306
436	1
436	197
436	371
436	57
436	63
436	10
436	271
436	3
436	161
436	320
436	244
436	167
436	475
436	79
436	109
436	434
437	61
437	52
437	1
437	49
437	164
437	54
437	19
437	110
437	277
437	15
437	8
437	480
437	100
437	415
437	249
437	2
437	116
437	1
437	254
437	386
437	424
437	13
437	67
437	146
437	367
437	41
437	340
437	22
437	22
437	7
437	475
437	48
437	385
437	26
437	191
437	296
437	269
437	352
437	177
437	29
437	479
437	80
437	481
437	494
437	331
437	280
437	170
437	397
438	381
438	7
438	451
438	31
438	474
438	30
438	346
438	486
438	446
438	33
438	327
438	74
438	45
438	118
438	61
438	0
438	13
438	125
438	158
438	56
438	20
438	87
438	261
438	176
438	270
438	26
438	81
438	49
438	65
438	416
438	41
438	69
438	477
438	440
438	248
438	3
438	18
438	81
438	477
438	328
438	452
438	222
439	4
439	69
439	327
439	8
439	49
439	149
439	136
439	368
439	408
439	333
439	462
439	55
439	86
439	175
439	389
439	430
439	104
439	8
439	20
439	263
439	434
439	128
439	297
439	20
439	36
439	130
439	357
439	488
439	269
439	8
439	475
439	291
439	53
439	21
439	2
439	207
439	50
439	371
439	385
439	413
439	219
439	0
439	13
439	202
439	72
439	12
440	74
440	4
440	491
440	29
440	2
440	82
440	5
440	449
440	468
440	6
440	127
440	211
440	219
440	494
440	43
440	48
440	332
440	90
440	26
440	122
440	320
440	0
440	305
440	2
440	25
440	357
440	142
440	7
440	47
440	487
440	24
440	349
440	43
440	163
440	27
440	61
440	138
440	88
440	242
440	19
441	116
441	295
441	481
441	71
441	232
441	74
441	30
441	8
441	202
441	346
441	328
441	104
441	241
441	128
441	206
441	1
441	31
441	36
441	434
441	253
441	454
441	375
441	398
441	342
441	45
441	291
441	55
441	311
441	25
441	284
441	13
441	293
441	39
441	194
441	339
441	48
442	97
442	296
442	66
442	147
442	44
442	20
442	295
442	33
442	162
442	111
442	39
442	108
442	30
442	115
442	34
442	223
442	152
442	186
442	55
442	38
442	96
442	0
442	229
442	89
442	231
442	144
442	0
442	401
442	26
442	76
442	31
442	0
442	110
442	119
442	440
442	134
442	150
442	498
442	17
442	159
443	165
443	338
443	141
443	373
443	42
443	329
443	39
443	445
443	59
443	43
443	62
443	331
443	2
443	147
443	0
443	411
443	0
443	0
443	166
443	90
443	287
443	452
443	492
443	239
443	411
443	289
443	68
443	27
443	221
443	54
443	116
443	56
443	234
443	83
443	493
443	42
443	206
443	49
444	453
444	284
444	373
444	68
444	318
444	34
444	5
444	6
444	31
444	1
444	34
444	228
444	239
444	302
444	364
444	332
444	173
444	143
444	143
444	1
444	313
444	120
444	43
444	53
444	136
444	404
444	90
444	371
444	318
444	416
444	82
444	272
444	103
444	294
444	80
444	336
444	400
444	307
445	117
445	155
445	373
445	147
445	135
445	123
445	21
445	54
445	107
445	94
445	338
445	10
445	378
445	431
445	19
445	47
445	169
445	32
445	4
445	36
445	457
445	149
445	3
445	0
445	103
445	164
445	33
445	421
445	368
445	91
445	478
445	489
445	368
445	3
445	44
445	346
445	292
445	305
445	56
446	3
446	424
446	29
446	304
446	155
446	242
446	375
446	274
446	399
446	118
446	128
446	171
446	235
446	49
446	369
446	115
446	35
446	160
446	192
446	334
446	31
446	320
446	91
446	73
446	284
446	196
446	2
446	7
446	71
446	198
446	401
446	57
447	90
447	351
447	149
447	398
447	296
447	237
447	120
447	6
447	296
447	71
447	436
447	391
447	82
447	319
447	269
447	12
447	489
447	376
447	149
447	10
447	418
447	296
447	33
447	90
447	161
447	8
447	1
447	185
447	1
447	191
447	142
447	124
447	22
447	474
447	366
447	58
447	118
447	81
447	1
447	118
447	6
447	411
447	160
447	164
447	358
447	372
447	69
448	153
448	21
448	107
448	356
448	430
448	247
448	373
448	227
448	493
448	467
448	5
448	431
448	133
448	371
448	82
448	449
448	53
448	12
448	317
448	95
448	175
448	13
448	106
448	15
448	77
448	161
448	6
448	46
448	62
448	312
448	3
448	54
448	10
448	30
448	66
448	475
448	251
448	131
448	165
448	0
449	20
449	223
449	102
449	109
449	9
449	310
449	128
449	314
449	0
449	85
449	218
449	6
449	57
449	23
449	446
449	219
449	3
449	452
449	278
449	12
449	261
449	475
449	81
449	262
449	150
449	24
449	212
449	415
449	45
449	66
449	336
449	463
449	1
449	436
449	12
449	463
449	211
449	0
449	8
449	288
449	32
449	74
449	409
450	42
450	154
450	130
450	19
450	338
450	483
450	180
450	345
450	156
450	383
450	0
450	183
450	259
450	365
450	76
450	379
450	170
450	249
450	92
450	28
450	5
450	350
450	223
450	157
450	79
450	182
450	161
450	67
450	421
450	422
450	357
450	295
450	32
450	411
450	5
450	183
450	377
450	174
450	177
450	187
450	443
450	441
451	47
451	9
451	65
451	20
451	381
451	265
451	462
451	412
451	100
451	361
451	11
451	76
451	8
451	332
451	88
451	318
451	155
451	124
451	2
451	172
451	33
451	177
451	269
451	66
451	48
451	436
451	212
451	36
451	150
451	176
451	240
451	73
451	57
451	0
451	157
451	200
451	205
452	423
452	32
452	43
452	48
452	300
452	44
452	329
452	104
452	164
452	0
452	23
452	134
452	220
452	48
452	324
452	81
452	152
452	202
452	483
452	366
452	274
452	155
452	279
452	91
452	386
452	2
452	177
452	79
452	38
452	56
452	9
452	259
452	100
452	10
452	462
452	455
452	55
452	258
452	38
452	0
452	0
452	36
453	114
453	83
453	278
453	433
453	353
453	14
453	27
453	19
453	24
453	88
453	437
453	295
453	119
453	301
453	312
453	331
453	462
453	31
453	14
453	61
453	0
453	200
453	355
453	215
453	224
453	149
453	86
453	83
453	39
453	65
454	9
454	4
454	33
454	3
454	108
454	221
454	233
454	233
454	346
454	14
454	481
454	81
454	461
454	200
454	160
454	493
454	237
454	126
454	471
454	34
454	22
454	215
454	137
454	17
454	438
454	431
454	159
454	242
454	451
454	49
454	440
454	499
454	461
454	286
454	15
454	475
454	339
455	399
455	18
455	184
455	52
455	88
455	181
455	389
455	332
455	114
455	185
455	31
455	7
455	173
455	207
455	231
455	0
455	263
455	124
455	63
455	340
455	138
455	230
455	24
455	363
455	169
455	279
455	0
455	178
455	10
455	326
455	2
455	214
455	112
455	184
455	335
455	4
455	268
455	73
456	388
456	102
456	101
456	5
456	483
456	10
456	98
456	9
456	15
456	230
456	237
456	235
456	150
456	355
456	236
456	28
456	472
456	407
456	17
456	43
456	38
456	451
456	230
456	449
456	450
456	161
456	115
456	23
456	6
456	220
456	309
456	411
456	375
456	215
456	313
456	417
456	128
456	416
456	233
457	354
457	274
457	2
457	385
457	420
457	0
457	13
457	7
457	135
457	490
457	38
457	268
457	193
457	69
457	9
457	5
457	51
457	99
457	0
457	87
457	53
457	99
457	271
457	140
457	68
457	115
457	351
457	23
457	0
457	471
457	150
457	326
457	77
457	177
457	372
457	169
457	329
457	289
457	74
457	411
458	283
458	348
458	443
458	129
458	118
458	208
458	326
458	390
458	10
458	5
458	361
458	177
458	113
458	10
458	116
458	249
458	6
458	153
458	37
458	266
458	211
458	101
458	18
458	1
458	20
458	241
458	48
458	0
458	95
458	6
458	85
458	198
458	76
458	6
458	192
458	386
458	490
458	90
458	432
458	170
458	73
458	44
459	172
459	299
459	391
459	176
459	6
459	167
459	177
459	61
459	159
459	85
459	54
459	102
459	90
459	142
459	3
459	2
459	204
459	256
459	168
459	70
459	225
459	322
459	206
459	171
459	251
459	331
459	222
459	171
459	366
459	208
459	434
459	43
459	245
459	458
459	17
459	490
459	190
460	3
460	94
460	1
460	43
460	323
460	211
460	59
460	342
460	128
460	18
460	360
460	116
460	319
460	449
460	494
460	112
460	145
460	9
460	4
460	234
460	235
460	40
460	45
460	60
460	57
460	37
460	284
460	107
460	298
460	60
460	170
460	345
460	1
460	316
460	152
460	468
460	15
460	386
460	209
460	322
460	1
460	20
460	9
460	219
460	470
460	370
460	132
461	270
461	133
461	455
461	493
461	231
461	81
461	169
461	3
461	26
461	499
461	9
461	64
461	121
461	129
461	404
461	305
461	231
461	287
461	459
461	61
461	49
461	75
461	1
461	239
461	263
461	449
461	277
461	107
461	17
461	139
461	420
461	23
461	331
461	2
461	413
461	374
461	32
462	264
462	275
462	1
462	492
462	202
462	239
462	345
462	37
462	1
462	85
462	421
462	301
462	252
462	62
462	410
462	133
462	269
462	23
462	138
462	31
462	265
462	0
462	28
462	143
462	72
462	42
462	235
462	277
462	237
462	413
462	10
462	131
462	309
462	37
462	137
462	424
462	66
463	275
463	489
463	5
463	246
463	11
463	6
463	10
463	278
463	79
463	5
463	3
463	11
463	433
463	4
463	452
463	455
463	397
463	205
463	4
463	352
463	387
463	498
463	168
463	173
463	353
463	139
463	61
463	455
463	35
463	215
463	3
463	242
463	57
463	83
463	21
463	9
463	4
463	29
464	54
464	33
464	4
464	448
464	298
464	289
464	6
464	198
464	13
464	4
464	350
464	192
464	469
464	23
464	481
464	277
464	9
464	295
464	97
464	11
464	4
464	476
464	235
464	182
464	478
464	175
464	173
464	304
464	3
464	1
464	4
464	54
464	182
464	336
464	157
464	230
464	218
464	89
464	452
465	36
465	478
465	0
465	136
465	31
465	0
465	419
465	18
465	156
465	338
465	479
465	205
465	51
465	42
465	20
465	0
465	305
465	46
465	0
465	226
465	4
465	15
465	207
465	68
465	14
465	157
465	372
465	376
465	352
465	279
465	357
465	43
465	485
465	339
465	119
465	105
466	32
466	494
466	227
466	33
466	304
466	340
466	97
466	451
466	48
466	286
466	7
466	56
466	40
466	250
466	275
466	7
466	334
466	287
466	135
466	16
466	8
466	371
466	354
466	18
466	436
466	133
466	205
466	0
466	353
466	284
466	5
466	404
466	351
466	20
466	485
466	224
466	187
466	149
467	11
467	55
467	138
467	398
467	66
467	9
467	339
467	21
467	492
467	106
467	11
467	466
467	376
467	342
467	35
467	44
467	95
467	16
467	13
467	452
467	381
467	488
467	6
467	155
467	41
467	0
467	266
467	1
467	5
467	2
467	498
467	31
467	3
467	486
467	372
467	54
467	182
467	491
467	188
468	200
468	24
468	412
468	420
468	82
468	346
468	327
468	201
468	2
468	13
468	147
468	40
468	298
468	266
468	448
468	42
468	299
468	391
468	96
468	124
468	40
468	281
468	25
468	177
468	454
468	28
468	378
468	56
468	204
468	480
468	17
468	300
468	39
468	1
468	135
469	70
469	112
469	7
469	50
469	409
469	58
469	7
469	416
469	478
469	230
469	89
469	318
469	268
469	450
469	81
469	227
469	8
469	3
469	151
469	438
469	325
469	219
469	3
469	372
469	437
469	103
469	250
469	78
469	267
469	428
469	72
469	78
469	81
469	116
469	447
469	444
470	23
470	455
470	1
470	491
470	82
470	38
470	125
470	5
470	401
470	97
470	46
470	39
470	345
470	204
470	166
470	158
470	89
470	191
470	27
470	307
470	332
470	318
470	238
470	1
470	3
470	3
470	14
470	50
470	483
470	235
470	11
470	216
470	23
470	183
470	226
470	444
470	265
470	411
470	14
470	486
471	332
471	483
471	209
471	454
471	0
471	372
471	493
471	91
471	54
471	13
471	54
471	22
471	130
471	175
471	369
471	236
471	217
471	85
471	306
471	125
471	438
471	225
471	139
471	404
471	103
471	443
471	5
471	385
471	47
471	365
471	5
471	2
471	177
471	6
471	412
471	469
471	327
471	90
471	27
471	316
471	80
471	132
471	34
472	350
472	280
472	169
472	66
472	118
472	221
472	110
472	63
472	217
472	240
472	479
472	143
472	22
472	430
472	43
472	353
472	348
472	410
472	290
472	50
472	193
472	121
472	18
472	10
472	358
472	47
472	485
472	479
472	357
472	281
472	445
472	150
472	355
472	15
472	41
472	12
472	46
472	54
472	249
472	215
472	47
473	164
473	4
473	13
473	337
473	476
473	40
473	184
473	369
473	12
473	62
473	81
473	43
473	406
473	31
473	39
473	19
473	243
473	322
473	0
473	3
473	13
473	42
473	495
473	266
473	169
473	71
473	349
473	285
473	218
473	208
473	444
473	50
473	42
473	62
473	2
473	190
473	67
473	480
473	339
473	76
473	47
473	82
473	455
473	297
474	407
474	270
474	300
474	2
474	3
474	24
474	333
474	408
474	411
474	96
474	292
474	28
474	20
474	28
474	244
474	158
474	87
474	85
474	56
474	264
474	136
474	131
474	463
474	91
474	133
474	24
474	473
474	352
474	26
474	389
474	64
474	305
474	342
474	167
474	83
474	35
474	445
475	484
475	88
475	77
475	171
475	80
475	20
475	232
475	64
475	318
475	3
475	49
475	110
475	85
475	6
475	274
475	393
475	47
475	35
475	78
475	31
475	434
475	201
475	106
475	233
475	82
475	161
475	88
475	11
475	220
475	121
475	487
475	210
475	76
475	486
475	89
475	84
475	75
475	214
476	46
476	59
476	141
476	461
476	34
476	31
476	51
476	196
476	4
476	11
476	63
476	411
476	266
476	156
476	18
476	24
476	121
476	300
476	433
476	115
476	228
476	280
476	36
476	7
476	427
476	15
476	196
476	18
476	489
476	216
476	29
477	376
477	10
477	149
477	384
477	303
477	130
477	177
477	44
477	12
477	182
477	194
477	34
477	185
477	193
477	243
477	0
477	148
477	121
477	272
477	289
477	38
477	6
477	11
477	1
477	360
477	20
477	53
477	302
477	353
477	396
477	72
477	5
477	493
477	448
477	320
477	273
477	70
477	77
477	282
477	118
477	23
477	423
478	380
478	485
478	13
478	147
478	128
478	430
478	19
478	445
478	410
478	162
478	18
478	476
478	61
478	2
478	124
478	460
478	424
478	209
478	2
478	52
478	76
478	50
478	377
478	108
478	479
478	38
478	150
478	10
478	172
478	245
478	473
478	195
478	200
478	177
478	5
478	173
478	0
479	12
479	97
479	22
479	494
479	1
479	82
479	131
479	170
479	12
479	45
479	1
479	94
479	8
479	161
479	20
479	103
479	169
479	10
479	354
479	0
479	3
479	108
479	307
479	36
479	86
479	4
479	120
479	491
479	407
479	177
479	40
479	93
479	233
479	14
479	121
479	194
479	131
479	39
479	35
479	154
479	127
480	30
480	379
480	264
480	215
480	499
480	74
480	300
480	77
480	34
480	109
480	381
480	72
480	143
480	22
480	401
480	494
480	146
480	1
480	431
480	355
480	172
480	108
480	379
480	12
480	38
480	47
480	389
480	287
480	327
480	6
480	322
480	135
480	234
480	148
480	9
480	425
480	452
480	35
480	224
480	219
480	21
480	411
480	374
480	215
481	118
481	265
481	183
481	30
481	445
481	112
481	315
481	242
481	13
481	146
481	1
481	33
481	10
481	4
481	160
481	67
481	35
481	8
481	63
481	429
481	11
481	93
481	371
481	476
481	258
481	194
481	177
481	214
481	262
481	16
481	117
481	105
481	239
481	134
481	349
481	407
481	5
481	105
481	69
481	316
481	19
481	417
481	293
481	10
482	108
482	0
482	42
482	10
482	33
482	409
482	235
482	12
482	152
482	288
482	77
482	102
482	225
482	243
482	60
482	11
482	245
482	16
482	6
482	114
482	267
482	238
482	339
482	382
482	172
482	236
482	6
482	68
482	35
482	285
482	191
482	49
482	36
482	25
482	490
482	294
482	344
482	1
482	308
482	358
483	96
483	124
483	85
483	434
483	353
483	122
483	112
483	371
483	391
483	118
483	29
483	361
483	23
483	51
483	91
483	47
483	349
483	38
483	108
483	254
483	280
483	346
483	45
483	171
483	32
483	438
483	326
483	247
483	427
483	489
483	184
483	293
483	220
483	206
483	345
483	445
483	165
483	89
483	0
484	1
484	327
484	45
484	285
484	268
484	416
484	418
484	11
484	6
484	48
484	221
484	176
484	120
484	21
484	370
484	317
484	90
484	39
484	77
484	310
484	114
484	16
484	478
484	301
484	389
484	20
484	151
484	1
484	330
484	186
484	4
484	182
484	132
484	375
484	274
484	167
485	4
485	483
485	0
485	75
485	242
485	0
485	160
485	64
485	104
485	4
485	388
485	467
485	107
485	18
485	101
485	94
485	2
485	283
485	61
485	58
485	300
485	47
485	221
485	221
485	380
485	46
485	86
485	82
485	219
485	367
485	31
485	195
486	367
486	240
486	11
486	454
486	378
486	60
486	66
486	85
486	37
486	163
486	469
486	165
486	36
486	374
486	369
486	3
486	205
486	151
486	475
486	5
486	4
486	338
486	82
486	0
486	8
486	9
486	401
486	341
486	468
486	156
486	97
486	338
486	6
486	473
486	365
486	443
487	14
487	280
487	175
487	268
487	225
487	221
487	39
487	3
487	91
487	117
487	151
487	184
487	76
487	302
487	36
487	400
487	173
487	312
487	80
487	188
487	404
487	147
487	38
487	6
487	269
487	251
487	472
487	127
487	306
487	399
487	20
487	206
487	36
487	32
487	324
487	19
487	320
487	211
487	2
487	30
487	312
488	4
488	37
488	124
488	364
488	121
488	394
488	44
488	0
488	52
488	366
488	0
488	362
488	340
488	51
488	73
488	266
488	5
488	428
488	3
488	57
488	174
488	80
488	362
488	248
488	395
488	143
488	212
488	385
488	259
488	68
488	163
488	467
488	84
488	108
488	496
488	38
488	228
488	31
488	128
488	285
488	280
488	32
488	335
489	25
489	119
489	420
489	304
489	203
489	6
489	7
489	385
489	468
489	5
489	229
489	101
489	359
489	54
489	249
489	451
489	4
489	337
489	143
489	22
489	45
489	350
489	58
489	343
489	62
489	61
489	436
489	127
489	466
489	367
489	47
489	2
489	85
489	280
489	95
489	438
489	56
489	36
490	476
490	28
490	392
490	4
490	84
490	10
490	13
490	435
490	3
490	154
490	259
490	355
490	42
490	499
490	190
490	293
490	43
490	163
490	6
490	3
490	140
490	111
490	470
490	201
490	3
490	231
490	199
490	28
490	30
490	337
490	155
490	23
490	146
490	428
491	297
491	438
491	169
491	125
491	228
491	479
491	13
491	492
491	86
491	453
491	407
491	439
491	287
491	6
491	112
491	495
491	17
491	223
491	141
491	87
491	461
491	0
491	114
491	104
491	460
491	6
491	190
491	111
491	341
491	381
491	144
491	298
491	257
491	3
492	69
492	20
492	191
492	14
492	12
492	4
492	486
492	57
492	220
492	152
492	444
492	16
492	227
492	29
492	12
492	0
492	284
492	6
492	134
492	5
492	365
492	358
492	226
492	24
492	300
492	88
492	170
492	373
492	1
492	90
492	36
492	150
492	1
492	192
492	141
492	29
492	55
492	366
493	33
493	413
493	144
493	401
493	293
493	175
493	91
493	5
493	59
493	154
493	282
493	21
493	5
493	71
493	480
493	204
493	147
493	225
493	18
493	2
493	231
493	14
493	25
493	220
493	286
493	345
493	14
493	156
493	69
493	4
493	146
493	3
493	488
493	200
493	19
493	213
493	427
493	223
493	85
494	0
494	234
494	65
494	200
494	221
494	2
494	83
494	47
494	2
494	338
494	158
494	36
494	86
494	411
494	1
494	10
494	173
494	299
494	418
494	419
494	41
494	1
494	459
494	496
494	1
494	187
494	314
494	19
494	70
494	359
494	408
494	482
494	0
494	424
494	9
494	4
494	74
494	178
494	253
494	10
494	12
495	4
495	0
495	3
495	479
495	1
495	38
495	18
495	71
495	3
495	243
495	316
495	352
495	14
495	409
495	125
495	70
495	126
495	220
495	87
495	13
495	433
495	374
495	18
495	393
495	9
495	1
495	213
495	10
495	10
495	312
495	189
495	15
495	206
495	139
495	129
495	14
495	458
495	80
495	118
496	1
496	262
496	77
496	96
496	128
496	420
496	122
496	81
496	24
496	3
496	91
496	318
496	110
496	161
496	5
496	224
496	227
496	47
496	433
496	13
496	274
496	470
496	150
496	86
496	147
496	343
496	24
496	133
496	124
496	469
496	163
496	195
496	252
496	9
496	151
497	396
497	214
497	74
497	355
497	123
497	299
497	429
497	41
497	30
497	14
497	469
497	162
497	16
497	132
497	61
497	294
497	207
497	54
497	5
497	395
497	0
497	363
497	431
497	401
497	323
497	136
497	186
497	77
497	247
497	291
497	462
497	467
497	397
497	267
497	444
497	350
497	193
497	363
498	2
498	356
498	435
498	442
498	235
498	1
498	18
498	172
498	36
498	42
498	26
498	21
498	35
498	153
498	24
498	16
498	16
498	406
498	170
498	254
498	90
498	3
498	117
498	230
498	289
498	17
498	158
498	138
498	5
498	173
498	331
498	424
498	223
498	272
498	254
498	381
498	368
498	3
498	256
498	69
498	192
498	4
499	125
499	174
499	67
499	23
499	167
499	223
499	409
499	86
499	270
499	219
499	27
499	432
499	456
499	327
499	444
499	360
499	42
499	289
499	50
499	23
499	131
499	33
499	384
499	147
499	272
499	20
499	36
499	374
499	73
499	4
499	17
499	272
499	438
499	362
499	0
499	393
499	158
499	37
499	8
499	441
499	487
499	175
