84	39
84	277
84	1
84	321
84	130
84	334
84	42
84	7
84	168
84	239
84	317
84	165
84	174
84	6
84	6
84	0
84	454
84	32
84	369
84	308
84	369
84	372
84	29
84	0
84	360
84	276
84	5
84	222
84	86
84	7
84	16
84	134
84	9
84	19
84	400
84	137
84	467
84	448
84	292
85	308
85	16
85	16
85	179
85	443
85	139
85	486
85	79
85	43
85	186
85	492
85	303
85	80
85	26
85	8
85	1
85	39
85	323
85	486
85	228
85	306
85	9
85	391
85	27
85	84
85	230
85	250
85	131
85	101
85	283
85	327
85	434
85	84
85	4
85	438
86	203
86	456
86	65
86	264
86	172
86	159
86	455
86	210
86	86
86	17
86	20
86	198
86	0
86	106
86	328
86	9
86	200
86	269
86	59
86	338
86	100
86	120
86	105
86	338
86	189
86	459
86	2
86	24
86	108
86	425
86	30
86	56
86	98
86	1
86	39
86	63
86	4
86	246
86	225
86	144
87	371
87	69
87	413
87	8
87	29
87	417
87	53
87	452
87	373
87	242
87	216
87	124
87	142
87	9
87	460
87	140
87	499
87	490
87	32
87	249
87	32
87	206
87	212
87	289
87	498
87	161
87	54
87	165
87	73
87	28
87	36
87	212
87	427
87	157
87	113
87	26
87	397
88	179
88	59
88	18
88	31
88	310
88	422
88	405
88	0
88	347
88	130
88	349
88	327
88	1
88	45
88	492
88	14
88	433
88	1
88	172
88	349
88	7
88	469
88	188
88	54
88	117
88	303
88	273
88	0
88	101
88	46
88	239
88	223
88	71
88	189
88	438
88	59
88	0
89	109
89	7
89	67
89	279
89	16
89	170
89	234
89	117
89	451
89	55
89	336
89	51
89	388
89	81
89	446
89	38
89	465
89	204
89	428
89	268
89	45
89	317
89	13
89	275
89	325
89	3
89	5
89	203
89	31
89	154
89	18
89	291
89	96
89	40
89	1
89	224
89	71
89	201
89	296
89	4
89	479
89	75
89	183
89	148
90	65
90	46
90	244
90	58
90	64
90	42
90	13
90	326
90	5
90	346
90	34
90	47
90	18
90	262
90	67
90	10
90	105
90	174
90	115
90	333
90	174
90	300
90	48
90	15
90	35
90	9
90	97
90	464
90	219
90	0
90	11
90	9
90	438
90	218
90	19
90	149
90	320
90	150
91	6
91	376
91	312
91	349
91	265
91	245
91	242
91	268
91	8
91	8
91	183
91	17
91	376
91	168
91	16
91	211
91	266
91	498
91	265
91	23
91	165
91	141
91	96
91	2
91	319
91	6
91	476
91	462
91	155
91	72
91	13
91	303
91	85
91	89
91	269
91	473
91	21
91	267
91	360
91	115
91	363
92	181
92	136
92	148
92	202
92	372
92	14
92	84
92	58
92	317
92	64
92	295
92	410
92	286
92	5
92	6
92	94
92	403
92	226
92	7
92	443
92	29
92	69
92	0
92	364
92	177
92	382
92	20
92	265
92	114
92	19
92	23
92	16
92	466
92	453
92	292
92	141
92	6
92	217
92	389
92	426
92	300
92	421
92	163
92	297
92	349
92	436
93	460
93	225
93	173
93	1
93	241
93	23
93	44
93	81
93	282
93	40
93	230
93	237
93	302
93	380
93	110
93	10
93	433
93	260
93	406
93	130
93	358
93	382
93	462
93	170
93	101
93	121
93	11
93	391
93	262
93	427
93	454
93	32
93	8
94	1
94	79
94	241
94	235
94	135
94	176
94	212
94	67
94	319
94	364
94	54
94	78
94	107
94	2
94	3
94	153
94	407
94	53
94	118
94	0
94	435
94	491
94	243
94	120
94	482
94	97
94	35
94	5
94	410
94	82
94	5
94	125
94	311
94	67
94	1
94	102
94	72
94	107
94	109
94	180
94	0
94	46
94	23
95	95
95	33
95	26
95	297
95	24
95	50
95	384
95	53
95	64
95	165
95	257
95	224
95	3
95	130
95	0
95	290
95	81
95	36
95	281
95	61
95	90
95	73
95	58
95	205
95	368
95	417
95	3
95	480
95	232
95	452
95	98
95	220
95	64
95	1
95	60
95	437
95	1
95	0
95	90
95	3
96	60
96	0
96	243
96	193
96	452
96	44
96	30
96	0
96	1
96	67
96	125
96	389
96	467
96	423
96	18
96	491
96	228
96	53
96	90
96	36
96	383
96	211
96	95
96	395
96	111
96	492
96	132
96	39
96	453
96	95
96	438
96	24
96	14
96	5
96	35
96	321
96	272
96	134
96	48
96	112
96	277
96	31
96	427
97	8
97	110
97	47
97	34
97	42
97	34
97	181
97	52
97	97
97	95
97	102
97	483
97	36
97	412
97	9
97	412
97	85
97	332
97	1
97	174
97	204
97	395
97	138
97	11
97	101
97	31
97	373
97	410
97	317
97	379
97	370
97	4
97	332
97	9
97	338
97	4
97	273
97	134
97	162
97	374
97	95
98	168
98	94
98	99
98	296
98	402
98	8
98	145
98	77
98	303
98	413
98	0
98	445
98	476
98	123
98	109
98	5
98	89
98	223
98	308
98	55
98	154
98	90
98	8
98	434
98	38
98	472
98	84
98	254
98	467
98	2
98	482
98	276
98	364
98	475
98	395
98	210
98	14
98	91
98	2
98	37
98	489
98	365
99	4
99	2
99	25
99	198
99	457
99	453
99	3
99	5
99	174
99	59
99	196
99	15
99	359
99	5
99	82
99	257
99	41
99	350
99	58
99	129
99	106
99	94
99	237
99	295
99	378
99	135
99	294
99	136
99	11
99	494
99	164
99	53
99	123
99	436
99	167
99	0
99	177
99	190
99	27
99	317
99	13
99	158
99	0
99	28
99	132
100	428
100	347
100	119
100	227
100	78
100	481
100	140
100	319
100	169
100	27
100	264
100	1
100	118
100	423
100	112
100	265
100	201
100	107
100	55
100	0
100	173
100	207
100	238
100	12
100	445
100	106
100	106
100	330
100	3
100	102
100	343
100	431
100	381
100	73
100	4
100	0
100	476
100	4
100	1
100	339
100	281
101	109
101	208
101	51
101	214
101	103
101	286
101	292
101	131
101	3
101	194
101	423
101	89
101	5
101	485
101	68
101	80
101	221
101	1
101	477
101	111
101	4
101	217
101	303
101	17
101	102
101	70
101	104
101	119
101	167
101	151
101	21
101	314
101	102
101	268
101	468
101	367
101	1
101	33
101	20
101	3
101	383
101	12
101	51
101	294
102	162
102	329
102	2
102	49
102	465
102	480
102	46
102	1
102	404
102	216
102	0
102	23
102	26
102	54
102	219
102	3
102	257
102	77
102	70
102	473
102	449
102	103
102	75
102	186
102	18
102	218
102	13
102	281
102	14
102	332
102	21
102	178
102	176
102	44
102	304
102	264
102	0
102	222
102	129
102	181
102	332
103	363
103	486
103	387
103	29
103	104
103	201
103	369
103	230
103	283
103	162
103	66
103	44
103	317
103	180
103	70
103	445
103	396
103	44
103	379
103	66
103	54
103	119
103	254
103	472
103	151
103	55
103	23
103	52
103	13
103	485
103	6
103	81
103	158
103	18
103	91
103	3
103	49
103	41
103	46
103	139
103	112
103	42
103	12
103	60
103	145
103	148
104	449
104	75
104	492
104	153
104	51
104	36
104	160
104	46
104	343
104	61
104	0
104	491
104	19
104	443
104	83
104	136
104	425
104	307
104	353
104	233
104	102
104	116
104	74
104	85
104	50
104	61
104	80
104	383
104	290
104	420
104	479
104	13
104	55
104	402
104	28
104	1
105	474
105	326
105	398
105	219
105	37
105	361
105	163
105	263
105	38
105	173
105	55
105	405
105	4
105	188
105	5
105	247
105	7
105	111
105	8
105	411
105	56
105	240
105	329
105	73
105	231
105	58
105	394
105	0
105	138
105	0
105	21
105	62
105	276
105	329
105	437
105	24
105	261
105	43
105	53
105	96
105	467
106	214
106	95
106	76
106	441
106	166
106	10
106	89
106	279
106	477
106	56
106	33
106	286
106	17
106	10
106	262
106	429
106	27
106	93
106	13
106	387
106	122
106	169
106	299
106	97
106	29
106	158
106	101
106	14
106	90
106	40
106	2
106	261
106	290
106	151
106	429
106	460
106	386
106	19
106	0
106	86
106	215
106	250
106	23
106	150
106	152
106	1
106	474
107	179
107	198
107	334
107	382
107	149
107	23
107	353
107	10
107	115
107	159
107	476
107	404
107	60
107	99
107	329
107	74
107	401
107	88
107	363
107	401
107	398
107	12
107	106
107	1
107	11
107	210
107	215
107	327
107	33
107	234
107	178
107	16
107	182
107	41
107	306
107	31
107	12
107	0
108	41
108	315
108	38
108	56
108	76
108	369
108	7
108	329
108	128
108	28
108	117
108	0
108	9
108	427
108	491
108	173
108	262
108	344
108	1
108	7
108	103
108	126
108	3
108	4
108	272
108	431
108	336
108	33
108	153
108	164
108	369
108	56
108	90
108	172
108	28
108	9
108	98
108	7
108	76
108	37
108	66
109	7
109	166
109	499
109	67
109	10
109	364
109	26
109	41
109	84
109	351
109	204
109	132
109	275
109	61
109	203
109	0
109	304
109	55
109	263
109	478
109	8
109	113
109	472
109	101
109	140
109	359
109	262
109	87
109	14
109	0
109	23
109	5
109	408
109	98
109	57
109	74
109	131
110	425
110	198
110	20
110	184
110	170
110	437
110	458
110	164
110	4
110	54
110	310
110	72
110	4
110	0
110	467
110	25
110	496
110	239
110	1
110	47
110	0
110	51
110	50
110	87
110	37
110	9
110	322
110	318
110	213
110	5
110	467
110	118
110	430
110	240
110	188
111	39
111	315
111	476
111	161
111	266
111	2
111	180
111	0
111	42
111	245
111	7
111	0
111	112
111	96
111	49
111	153
111	49
111	399
111	84
111	61
111	387
111	10
111	117
111	252
111	171
111	143
111	202
111	14
111	445
111	0
111	291
111	126
111	390
111	141
111	20
111	224
111	245
111	347
111	239
111	49
112	280
112	72
112	451
112	32
112	48
112	132
112	305
112	0
112	325
112	89
112	121
112	205
112	450
112	55
112	231
112	91
112	24
112	388
112	162
112	212
112	73
112	104
112	475
112	155
112	49
112	1
112	440
112	196
112	49
112	14
112	35
112	12
112	304
112	104
112	121
112	85
112	330
112	9
112	405
112	7
112	46
112	301
112	35
112	16
113	170
113	16
113	84
113	35
113	110
113	395
113	70
113	206
113	15
113	76
113	480
113	83
113	427
113	126
113	68
113	75
113	91
113	329
113	93
113	28
113	194
113	329
113	185
113	86
113	209
113	337
113	288
113	157
113	62
113	151
113	0
113	1
113	128
114	461
114	22
114	335
114	426
114	58
114	485
114	383
114	72
114	0
114	201
114	485
114	410
114	389
114	54
114	40
114	366
114	30
114	352
114	149
114	64
114	264
114	168
114	396
114	99
114	45
114	487
114	83
114	76
114	132
114	54
114	384
114	402
114	133
114	20
114	343
114	56
114	0
114	401
114	376
114	156
114	474
114	7
114	59
114	294
114	76
115	275
115	9
115	178
115	472
115	4
115	394
115	260
115	445
115	147
115	7
115	34
115	215
115	334
115	44
115	439
115	79
115	308
115	131
115	29
115	355
115	14
115	59
115	458
115	148
115	6
115	96
115	446
115	344
115	105
115	53
115	10
115	366
115	468
115	173
115	65
115	418
115	117
115	208
115	28
115	2
115	65
115	13
115	72
116	85
116	201
116	467
116	5
116	2
116	35
116	490
116	62
116	51
116	369
116	2
116	124
116	0
116	357
116	121
116	408
116	413
116	439
116	477
116	461
116	137
116	331
116	244
116	16
116	445
116	352
116	266
116	223
116	465
116	258
116	35
116	55
116	4
116	177
116	11
116	12
117	420
117	55
117	390
117	296
117	420
117	119
117	439
117	379
117	187
117	1
117	487
117	111
117	171
117	8
117	440
117	232
117	1
117	19
117	261
117	109
117	464
117	271
117	346
117	139
117	303
117	74
117	121
117	17
117	411
117	414
117	111
117	153
117	104
117	308
117	106
117	43
117	282
118	165
118	1
118	220
118	197
118	143
118	72
118	58
118	94
118	347
118	471
118	287
118	317
118	272
118	33
118	15
118	478
118	388
118	432
118	499
118	295
118	383
118	194
118	2
118	278
118	193
118	376
118	1
118	19
118	159
118	228
118	415
118	316
118	464
118	269
118	127
118	101
118	436
118	353
119	492
119	416
119	144
119	3
119	186
119	27
119	1
119	165
119	45
119	149
119	366
119	1
119	16
119	359
119	21
119	55
119	434
119	55
119	161
119	7
119	34
119	349
119	456
119	465
119	340
119	495
119	16
119	368
119	370
119	73
119	85
119	44
119	18
119	25
119	487
119	139
119	209
119	350
119	224
119	11
119	160
119	55
119	421
119	15
119	12
119	0
120	481
120	145
120	201
120	352
120	210
120	224
120	11
120	157
120	446
120	185
120	294
120	224
120	339
120	174
120	494
120	370
120	11
120	63
120	81
120	68
120	11
120	61
120	117
120	445
120	402
120	144
120	83
120	19
120	47
120	148
120	419
120	46
120	335
120	1
120	6
120	106
120	36
120	163
120	10
120	288
120	338
120	452
121	213
121	244
121	127
121	12
121	63
121	391
121	92
121	152
121	425
121	133
121	3
121	0
121	172
121	16
121	24
121	91
121	17
121	25
121	139
121	8
121	4
121	187
121	234
121	148
121	0
121	120
121	5
121	429
121	25
121	323
121	0
121	70
121	85
121	214
121	367
121	458
121	308
121	278
121	316
121	398
121	460
121	179
122	131
122	90
122	2
122	299
122	258
122	490
122	214
122	16
122	5
122	75
122	5
122	37
122	461
122	158
122	117
122	118
122	1
122	74
122	74
122	35
122	130
122	494
122	1
122	244
122	324
122	486
122	144
122	389
122	105
122	207
122	0
122	19
122	57
122	386
122	289
122	88
122	360
122	154
123	215
123	13
123	132
123	25
123	135
123	118
123	123
123	0
123	0
123	306
123	137
123	389
123	48
123	36
123	325
123	17
123	490
123	358
123	4
123	89
123	16
123	21
123	3
123	46
123	177
123	163
123	143
123	271
123	85
123	50
123	129
123	17
123	6
123	138
123	34
123	33
123	231
123	11
123	267
123	418
123	499
124	12
124	320
124	321
124	52
124	4
124	398
124	225
124	295
124	156
124	12
124	82
124	348
124	88
124	237
124	424
124	457
124	1
124	21
124	430
124	98
124	56
124	28
124	1
124	30
124	485
124	80
124	40
124	166
124	461
124	113
124	466
124	2
124	412
124	389
124	14
124	155
124	4
124	0
124	132
124	180
125	126
125	2
125	45
125	212
125	315
125	331
125	189
125	133
125	212
125	479
125	0
125	173
125	163
125	301
125	182
125	486
125	20
125	10
125	0
125	484
125	296
125	236
125	2
125	379
125	456
125	107
125	50
125	78
125	330
125	389
125	451
126	353
126	160
126	406
126	455
126	184
126	495
126	0
126	41
126	471
126	369
126	227
126	51
126	0
126	3
126	293
126	17
126	357
126	11
126	326
126	12
126	388
126	444
126	116
126	103
126	14
126	92
126	3
126	171
126	12
126	47
126	371
126	243
126	494
126	18
126	31
126	85
126	122
126	146
126	204
126	259
126	33
126	323
126	429
126	22
126	276
127	414
127	348
127	386
127	175
127	47
127	428
127	109
127	392
127	133
127	143
127	105
127	8
127	35
127	236
127	94
127	495
127	403
127	355
127	20
127	195
127	389
127	486
127	192
127	5
127	352
127	160
127	297
127	8
127	148
127	195
127	477
127	398
127	55
127	341
127	163
127	322
127	225
127	330
128	82
128	61
128	421
128	179
128	76
128	325
128	45
128	44
128	259
128	27
128	446
128	479
128	182
128	349
128	465
128	103
128	246
128	344
128	25
128	186
128	443
128	166
128	268
128	472
128	288
128	384
128	58
128	43
128	48
128	1
128	17
128	483
128	344
128	65
128	158
128	77
128	228
128	392
128	93
129	1
129	25
129	137
129	1
129	470
129	143
129	205
129	277
129	123
129	21
129	44
129	310
129	394
129	22
129	3
129	71
129	60
129	110
129	20
129	93
129	49
129	374
129	376
129	108
129	86
129	426
129	9
129	24
129	173
129	24
129	346
129	5
129	84
129	148
129	306
129	62
129	41
129	60
129	22
130	151
130	30
130	350
130	112
130	118
130	132
130	385
130	55
130	0
130	394
130	144
130	387
130	173
130	97
130	162
130	105
130	187
130	57
130	160
130	223
130	447
130	26
130	7
130	498
130	0
130	178
130	0
130	477
130	25
130	364
130	192
130	107
130	151
130	342
130	16
130	346
130	266
130	155
130	471
130	4
131	4
131	362
131	76
131	445
131	156
131	481
131	83
131	5
131	108
131	432
131	220
131	148
131	11
131	27
131	135
131	86
131	22
131	85
131	16
131	125
131	10
131	484
131	352
131	388
131	63
131	64
131	437
131	382
131	433
131	34
131	336
131	78
131	81
131	327
131	101
131	56
132	51
132	190
132	59
132	164
132	427
132	412
132	469
132	8
132	337
132	34
132	266
132	20
132	0
132	9
132	8
132	40
132	335
132	177
132	53
132	219
132	7
132	54
132	29
132	408
132	187
132	114
132	169
132	396
132	3
132	48
132	39
132	348
132	387
132	429
132	399
133	322
133	273
133	78
133	14
133	406
133	13
133	311
133	214
133	418
133	390
133	334
133	118
133	321
133	141
133	61
133	134
133	466
133	340
133	3
133	28
133	476
133	86
133	63
133	157
133	157
133	247
133	301
133	0
133	112
133	30
133	227
133	469
133	383
133	25
133	9
133	391
133	3
133	97
133	70
133	110
133	254
134	333
134	251
134	65
134	328
134	349
134	135
134	58
134	238
134	305
134	194
134	480
134	28
134	230
134	50
134	36
134	163
134	132
134	121
134	8
134	2
134	257
134	358
134	491
134	44
134	208
134	418
134	72
134	139
134	463
134	58
134	103
134	330
134	120
134	497
134	247
134	190
134	69
134	308
134	470
135	486
135	101
135	236
135	207
135	28
135	0
135	29
135	0
135	105
135	13
135	4
135	13
135	0
135	49
135	50
135	18
135	76
135	104
135	27
135	19
135	312
135	139
135	130
135	14
135	74
135	107
135	441
135	322
135	132
135	0
135	65
135	361
135	316
135	123
135	461
135	206
135	388
135	128
135	419
135	309
135	133
135	116
135	5
135	3
135	101
136	217
136	150
136	7
136	496
136	0
136	16
136	14
136	152
136	315
136	45
136	377
136	142
136	184
136	335
136	8
136	80
136	75
136	101
136	245
136	249
136	487
136	322
136	121
136	50
136	108
136	294
136	447
136	100
136	165
136	314
136	225
136	42
136	359
136	173
136	199
136	187
136	202
136	223
137	228
137	31
137	36
137	3
137	3
137	152
137	388
137	171
137	82
137	315
137	12
137	326
137	15
137	414
137	6
137	288
137	151
137	21
137	39
137	256
137	432
137	40
137	22
137	35
137	5
137	5
137	318
137	73
137	375
137	46
137	85
137	309
137	2
137	403
137	62
137	265
137	182
137	119
137	30
137	213
137	350
138	431
138	40
138	205
138	137
138	424
138	245
138	363
138	12
138	22
138	418
138	125
138	100
138	142
138	75
138	401
138	489
138	303
138	243
138	24
138	184
138	96
138	460
138	132
138	137
138	33
138	162
138	81
138	155
138	393
138	431
138	275
138	255
138	55
139	425
139	327
139	112
139	199
139	105
139	312
139	480
139	299
139	403
139	1
139	65
139	154
139	17
139	374
139	167
139	137
139	320
139	164
139	386
139	43
139	464
139	204
139	400
139	14
139	23
139	278
139	339
139	379
139	421
139	13
139	19
139	53
140	418
140	6
140	133
140	221
140	27
140	105
140	277
140	0
140	121
140	32
140	274
140	34
140	392
140	485
140	456
140	49
140	79
140	0
140	285
140	497
140	1
140	407
140	2
140	20
140	9
140	0
140	234
140	62
140	195
140	63
140	82
140	4
140	61
140	0
140	53
141	476
141	119
141	332
141	340
141	22
141	8
141	307
141	0
141	466
141	44
141	467
141	0
141	65
141	6
141	234
141	88
141	400
141	434
141	99
141	85
141	138
141	348
141	463
141	265
141	190
141	393
141	138
141	224
141	359
141	110
141	163
141	126
141	329
141	5
141	348
141	225
142	452
142	15
142	81
142	312
142	210
142	65
142	166
142	28
142	423
142	68
142	90
142	177
142	280
142	438
142	93
142	106
142	479
142	253
142	45
142	450
142	2
142	23
142	232
142	3
142	16
142	327
142	55
142	111
142	130
142	108
142	377
142	468
142	23
142	309
142	86
142	5
142	11
143	481
143	52
143	316
143	89
143	9
143	442
143	0
143	224
143	160
143	496
143	465
143	182
143	256
143	462
143	37
143	45
143	28
143	359
143	64
143	374
143	153
143	486
143	290
143	10
143	225
143	15
143	87
143	8
143	6
143	50
143	458
143	0
143	29
143	68
143	6
143	240
143	471
144	198
144	62
144	0
144	85
144	137
144	19
144	487
144	6
144	142
144	474
144	42
144	91
144	159
144	342
144	257
144	21
144	462
144	74
144	454
144	6
144	251
144	66
144	63
144	340
144	299
144	62
144	96
144	130
144	160
144	146
144	148
144	50
144	321
144	16
144	244
144	70
144	304
144	29
144	112
144	176
144	157
144	361
145	492
145	3
145	180
145	283
145	303
145	93
145	15
145	210
145	33
145	45
145	7
145	8
145	140
145	238
145	310
145	287
145	5
145	36
145	364
145	13
145	204
145	351
145	35
145	96
145	75
145	496
145	373
145	423
145	429
145	149
145	187
145	2
145	20
145	163
145	444
145	387
145	314
145	18
145	29
145	477
145	93
146	324
146	12
146	41
146	491
146	170
146	19
146	471
146	445
146	385
146	343
146	5
146	112
146	61
146	7
146	434
146	145
146	42
146	497
146	275
146	98
146	197
146	31
146	357
146	54
146	282
146	0
146	40
146	363
146	9
146	422
146	50
146	76
146	174
146	4
146	37
146	424
146	249
146	68
146	31
146	199
146	214
146	189
146	374
147	269
147	299
147	236
147	25
147	13
147	62
147	339
147	496
147	267
147	192
147	60
147	386
147	430
147	258
147	31
147	59
147	66
147	26
147	256
147	52
147	3
147	181
147	183
147	37
147	56
147	411
147	5
147	41
147	96
147	28
147	487
147	0
147	332
147	52
147	322
147	205
147	7
147	331
148	135
148	163
148	2
148	110
148	251
148	72
148	9
148	333
148	171
148	4
148	21
148	200
148	235
148	49
148	72
148	114
148	300
148	48
148	317
148	151
148	395
148	477
148	126
148	21
148	312
148	30
148	235
148	8
148	61
148	221
148	158
148	3
148	338
148	35
148	114
148	172
148	350
148	8
149	85
149	334
149	270
149	312
149	15
149	339
149	252
149	5
149	9
149	172
149	62
149	207
149	1
149	40
149	48
149	17
149	10
149	403
149	42
149	42
149	398
149	392
149	492
149	126
149	207
149	6
149	275
149	6
149	473
149	114
149	2
149	430
149	187
149	81
149	21
149	191
149	230
149	455
149	312
150	33
150	162
150	75
150	82
150	58
150	9
150	63
150	302
150	154
150	170
150	144
150	72
150	170
150	425
150	410
150	45
150	414
150	127
150	26
150	304
150	118
150	67
150	111
150	399
150	29
150	35
150	409
150	423
150	400
150	197
150	180
150	257
150	130
150	320
150	380
150	483
150	17
150	117
150	475
150	94
150	480
150	318
150	147
150	95
150	367
151	273
151	75
151	290
151	49
151	109
151	48
151	62
151	170
151	389
151	375
151	111
151	495
151	3
151	37
151	384
151	30
151	251
151	103
151	434
151	124
151	255
151	88
151	55
151	299
151	130
151	8
151	100
151	10
151	218
151	13
151	313
151	498
151	135
151	375
151	137
151	1
151	140
151	25
151	114
151	24
151	140
151	21
151	127
151	450
152	289
152	35
152	4
152	19
152	250
152	166
152	295
152	270
152	1
152	336
152	432
152	350
152	58
152	51
152	62
152	1
152	85
152	54
152	35
152	99
152	372
152	499
152	4
152	4
152	0
152	117
152	207
152	301
152	51
152	372
152	47
152	338
152	440
152	454
152	445
152	476
152	38
152	310
152	195
152	296
152	356
152	129
152	48
152	430
152	341
152	434
152	337
152	60
152	36
153	262
153	5
153	34
153	463
153	246
153	60
153	266
153	271
153	7
153	490
153	82
153	453
153	353
153	9
153	1
153	209
153	130
153	165
153	207
153	373
153	19
153	363
153	240
153	302
153	15
153	215
153	40
153	272
153	212
153	159
153	62
153	52
153	6
153	0
153	9
153	47
153	0
153	281
153	273
153	347
153	417
153	372
153	198
153	264
154	361
154	288
154	345
154	175
154	474
154	180
154	16
154	355
154	22
154	106
154	341
154	28
154	139
154	430
154	351
154	47
154	0
154	174
154	275
154	251
154	0
154	191
154	13
154	41
154	19
154	395
154	257
154	197
154	286
154	16
154	457
154	118
154	200
154	28
154	455
154	11
154	325
154	16
154	40
154	465
154	156
154	58
154	230
154	65
154	38
155	19
155	241
155	467
155	214
155	188
155	18
155	458
155	160
155	381
155	0
155	104
155	371
155	49
155	203
155	10
155	34
155	228
155	479
155	23
155	140
155	5
155	152
155	40
155	453
155	15
155	499
155	12
155	268
155	205
155	10
155	44
155	129
155	2
155	241
155	82
155	1
155	294
155	141
155	339
155	85
155	7
156	115
156	271
156	90
156	92
156	258
156	5
156	346
156	368
156	154
156	149
156	36
156	173
156	87
156	349
156	474
156	217
156	446
156	26
156	155
156	70
156	476
156	390
156	8
156	170
156	40
156	197
156	96
156	130
156	388
156	395
156	52
156	8
156	414
156	454
156	18
157	357
157	89
157	10
157	205
157	144
157	25
157	184
157	3
157	28
157	9
157	1
157	303
157	199
157	72
157	36
157	12
157	59
157	155
157	95
157	291
157	24
157	221
157	229
157	9
157	420
157	36
157	489
157	208
157	81
157	90
157	335
157	363
157	345
157	416
157	43
157	15
157	95
157	5
158	25
158	460
158	275
158	7
158	107
158	327
158	0
158	411
158	457
158	498
158	34
158	219
158	377
158	202
158	17
158	2
158	26
158	263
158	3
158	62
158	159
158	14
158	360
158	393
158	248
158	36
158	6
158	150
158	233
158	349
158	9
158	326
158	25
158	54
158	449
158	0
158	252
158	254
158	441
158	46
159	65
159	80
159	8
159	385
159	485
159	497
159	457
159	126
159	240
159	2
159	312
159	105
159	6
159	34
159	171
159	88
159	19
159	122
159	414
159	259
159	119
159	355
159	28
159	179
159	4
159	247
159	65
159	94
159	465
159	411
159	3
159	112
159	249
159	416
159	406
159	459
159	24
159	242
159	9
159	108
160	60
160	429
160	111
160	355
160	66
160	14
160	6
160	1
160	162
160	456
160	9
160	442
160	19
160	93
160	311
160	1
160	362
160	381
160	106
160	218
160	145
160	220
160	144
160	323
160	243
160	124
160	62
160	181
160	23
160	232
160	69
160	16
160	442
160	133
160	113
160	22
160	34
160	226
160	174
160	234
161	165
161	5
161	431
161	40
161	0
161	31
161	404
161	209
161	8
161	25
161	277
161	460
161	79
161	18
161	255
161	245
161	407
161	96
161	20
161	38
161	11
161	72
161	294
161	414
161	86
161	108
161	94
161	134
161	96
161	366
161	132
161	15
161	139
161	451
162	116
162	294
162	249
162	480
162	314
162	328
162	190
162	33
162	232
162	483
162	97
162	32
162	180
162	79
162	118
162	358
162	150
162	154
162	474
162	332
162	59
162	169
162	341
162	2
162	489
162	427
162	355
162	41
162	129
162	396
162	175
162	51
162	420
162	51
162	42
162	75
162	320
162	11
162	189
163	82
163	4
163	53
163	219
163	336
163	43
163	497
163	0
163	21
163	102
163	142
163	2
163	7
163	424
163	196
163	224
163	260
163	359
163	14
163	199
163	53
163	122
163	43
163	77
163	387
163	268
163	386
163	169
163	26
163	409
163	464
163	438
163	8
163	281
163	75
163	242
163	486
163	191
163	382
163	361
163	55
163	373
163	135
163	438
164	98
164	4
164	7
164	68
164	135
164	259
164	448
164	67
164	270
164	475
164	397
164	291
164	330
164	5
164	211
164	104
164	422
164	83
164	481
164	1
164	27
164	1
164	217
164	173
164	87
164	21
164	451
164	53
164	92
164	282
164	486
164	123
164	358
164	146
164	13
164	484
164	54
164	0
164	366
164	70
164	116
164	323
164	92
164	336
164	106
164	371
164	262
164	181
165	2
165	291
165	54
165	85
165	83
165	65
165	484
165	388
165	120
165	233
165	374
165	230
165	134
165	102
165	412
165	26
165	229
165	149
165	97
165	54
165	403
165	144
165	23
165	88
165	421
165	277
165	44
165	47
165	85
165	54
165	394
165	144
165	83
165	319
165	258
165	3
165	1
165	0
165	74
165	327
166	39
166	9
166	257
166	325
166	499
166	76
166	449
166	429
166	2
166	368
166	8
166	457
166	53
166	24
166	141
166	180
166	4
166	373
166	22
166	9
166	257
166	244
166	311
166	286
166	430
166	11
166	498
166	229
166	82
167	27
167	230
167	363
167	103
167	413
167	143
167	148
167	277
167	388
167	108
167	110
167	329
167	228
167	491
167	471
167	282
167	157
167	383
167	140
167	53
167	307
167	12
167	17
167	61
167	104
167	7
167	24
167	72
167	426
167	0
167	66
167	274
167	186
167	368
167	159
167	105
167	141
167	331
167	3
167	344
167	51
