0	16
0	235
0	155
0	240
0	462
0	239
0	436
0	299
0	176
0	449
0	103
0	433
0	406
0	16
0	36
0	320
0	13
0	22
0	133
0	164
0	497
0	286
0	167
0	59
0	100
0	312
0	400
0	94
0	216
0	465
0	454
0	406
0	148
0	422
0	10
0	89
0	303
0	33
0	26
1	88
1	133
1	405
1	459
1	100
1	89
1	140
1	373
1	473
1	147
1	180
1	475
1	22
1	456
1	213
1	426
1	86
1	5
1	29
1	17
1	81
1	171
1	394
1	269
1	21
1	329
1	356
1	46
1	3
1	343
1	78
1	140
1	12
1	179
1	132
1	244
1	84
1	10
1	361
1	2
1	117
1	279
2	341
2	0
2	376
2	269
2	202
2	85
2	5
2	110
2	237
2	5
2	286
2	356
2	19
2	32
2	294
2	79
2	173
2	146
2	165
2	320
2	71
2	2
2	274
2	9
2	15
2	9
2	167
2	8
2	456
2	133
2	211
2	104
2	45
2	57
2	144
2	145
2	328
2	361
2	143
2	21
2	36
2	228
3	138
3	268
3	456
3	168
3	458
3	266
3	383
3	150
3	108
3	25
3	13
3	98
3	36
3	84
3	25
3	183
3	93
3	409
3	10
3	40
3	293
3	287
3	274
3	82
3	8
3	114
3	323
3	283
3	323
3	443
3	200
3	31
3	497
3	110
3	60
3	189
3	1
3	465
3	404
3	111
4	0
4	108
4	244
4	49
4	4
4	212
4	123
4	83
4	300
4	88
4	390
4	363
4	50
4	483
4	15
4	395
4	205
4	88
4	23
4	22
4	435
4	58
4	137
4	475
4	138
4	40
4	123
4	8
4	121
4	49
4	242
4	71
4	170
4	285
4	79
4	131
4	307
4	19
5	10
5	101
5	149
5	25
5	2
5	3
5	252
5	17
5	115
5	24
5	141
5	57
5	46
5	4
5	11
5	36
5	317
5	143
5	19
5	242
5	374
5	443
5	290
5	6
5	152
5	487
5	417
5	194
5	0
5	32
5	99
5	412
5	311
5	0
5	476
5	433
5	64
5	220
5	0
6	39
6	384
6	104
6	79
6	302
6	365
6	81
6	11
6	115
6	172
6	379
6	84
6	2
6	233
6	107
6	71
6	209
6	393
6	324
6	12
6	167
6	294
6	260
6	68
6	363
6	265
6	442
6	449
6	437
6	259
6	161
6	44
6	0
6	424
6	89
7	400
7	178
7	74
7	397
7	429
7	46
7	352
7	178
7	7
7	148
7	213
7	33
7	12
7	405
7	19
7	0
7	302
7	411
7	51
7	296
7	286
7	11
7	195
7	257
7	112
7	50
7	56
7	488
7	276
7	466
7	203
7	2
7	384
7	3
7	170
8	0
8	244
8	285
8	390
8	53
8	213
8	436
8	467
8	12
8	238
8	263
8	53
8	130
8	349
8	382
8	269
8	478
8	320
8	29
8	48
8	10
8	180
8	499
8	289
8	117
8	101
8	166
8	351
8	4
8	320
8	1
8	445
8	15
8	460
8	286
8	137
9	56
9	187
9	28
9	186
9	77
9	1
9	2
9	488
9	0
9	173
9	0
9	453
9	0
9	499
9	23
9	339
9	29
9	172
9	82
9	12
9	1
9	46
9	289
9	354
9	332
9	68
9	141
9	294
9	349
9	15
10	273
10	9
10	143
10	15
10	0
10	221
10	1
10	409
10	306
10	199
10	224
10	27
10	472
10	5
10	1
10	378
10	139
10	293
10	8
10	8
10	332
10	0
10	0
10	495
10	179
10	56
10	28
10	127
10	51
10	12
10	99
10	16
10	77
10	19
10	195
10	123
10	98
10	19
10	384
10	229
10	24
10	22
10	316
10	409
10	6
11	151
11	113
11	86
11	377
11	381
11	102
11	493
11	170
11	2
11	317
11	175
11	79
11	143
11	143
11	88
11	18
11	239
11	29
11	52
11	282
11	432
11	153
11	99
11	4
11	25
11	2
11	0
11	164
11	270
11	239
11	494
11	330
11	173
11	3
11	143
11	74
11	392
11	369
11	455
11	38
11	9
12	279
12	385
12	305
12	140
12	147
12	3
12	497
12	381
12	78
12	166
12	77
12	56
12	12
12	178
12	147
12	411
12	228
12	283
12	3
12	163
12	32
12	299
12	350
12	30
12	38
12	11
12	0
12	161
12	375
12	262
12	0
12	319
12	345
12	115
12	25
12	457
12	256
12	380
12	71
12	20
12	77
12	465
13	5
13	39
13	8
13	100
13	282
13	1
13	403
13	155
13	235
13	69
13	487
13	394
13	447
13	32
13	166
13	369
13	62
13	1
13	393
13	61
13	72
13	314
13	497
13	390
13	364
13	445
13	14
13	91
13	19
13	36
13	270
13	59
13	158
13	2
13	18
13	357
13	435
14	376
14	435
14	142
14	362
14	452
14	52
14	296
14	363
14	86
14	83
14	219
14	18
14	113
14	150
14	426
14	0
14	469
14	21
14	359
14	43
14	10
14	11
14	387
14	384
14	19
14	299
14	13
14	93
14	2
14	127
14	287
14	277
14	394
14	383
14	130
14	265
14	248
14	410
14	184
14	14
14	5
15	7
15	3
15	1
15	245
15	23
15	52
15	38
15	114
15	21
15	459
15	481
15	15
15	158
15	24
15	118
15	54
15	413
15	358
15	208
15	269
15	62
15	20
15	63
15	44
15	384
15	370
15	88
15	408
15	167
15	4
15	491
15	5
15	40
15	137
15	112
15	115
15	366
15	41
15	24
15	379
15	14
15	223
15	249
16	46
16	368
16	444
16	36
16	8
16	490
16	3
16	419
16	242
16	6
16	139
16	40
16	57
16	258
16	127
16	242
16	271
16	26
16	2
16	130
16	189
16	14
16	244
16	160
16	311
16	494
16	343
16	207
16	468
16	11
16	13
16	3
16	37
16	15
16	0
16	102
16	73
16	473
16	206
16	175
16	58
16	76
16	324
16	0
17	4
17	87
17	9
17	255
17	1
17	3
17	178
17	236
17	173
17	164
17	156
17	4
17	53
17	26
17	304
17	366
17	230
17	420
17	477
17	365
17	122
17	262
17	470
17	17
17	166
17	292
17	17
17	189
17	113
17	108
17	168
17	49
17	109
17	43
17	296
18	24
18	411
18	20
18	41
18	209
18	31
18	329
18	59
18	156
18	101
18	105
18	219
18	425
18	412
18	4
18	164
18	396
18	75
18	48
18	60
18	374
18	193
18	56
18	155
18	381
18	24
18	458
18	393
18	14
18	69
18	3
18	81
18	392
18	336
18	18
18	291
18	432
19	408
19	461
19	359
19	178
19	11
19	464
19	313
19	10
19	21
19	93
19	0
19	308
19	2
19	61
19	41
19	172
19	285
19	48
19	12
19	253
19	46
19	365
19	79
19	282
19	38
19	111
19	9
19	381
19	226
19	24
19	106
19	16
19	475
19	145
20	480
20	259
20	111
20	91
20	162
20	229
20	15
20	95
20	118
20	117
20	31
20	369
20	153
20	449
20	225
20	91
20	236
20	257
20	100
20	121
20	421
20	465
20	415
20	281
20	60
20	260
20	275
20	35
20	265
20	442
20	73
20	490
20	270
21	5
21	481
21	1
21	13
21	135
21	82
21	19
21	15
21	69
21	44
21	384
21	176
21	2
21	494
21	141
21	478
21	310
21	5
21	15
21	10
21	302
21	37
21	328
21	15
21	82
21	397
21	179
21	465
21	412
21	400
21	3
21	424
21	426
21	324
21	72
21	34
21	279
21	164
21	117
21	56
21	89
21	267
21	3
21	484
22	290
22	0
22	229
22	83
22	77
22	83
22	313
22	160
22	17
22	335
22	65
22	58
22	307
22	15
22	144
22	73
22	21
22	11
22	332
22	380
22	199
22	71
22	372
22	25
22	379
22	338
22	0
22	420
22	253
22	302
22	235
22	10
22	6
22	126
22	151
22	492
22	10
22	70
22	247
23	278
23	11
23	457
23	75
23	4
23	1
23	135
23	80
23	123
23	3
23	168
23	13
23	254
23	212
23	4
23	2
23	87
23	203
23	48
23	32
23	324
23	4
23	50
23	102
23	2
23	37
23	326
23	8
23	115
23	155
23	61
23	462
23	266
23	16
23	407
23	353
23	117
23	317
23	310
23	337
24	73
24	324
24	271
24	358
24	42
24	53
24	281
24	442
24	319
24	390
24	14
24	401
24	2
24	39
24	0
24	19
24	230
24	75
24	126
24	165
24	387
24	3
24	271
24	350
24	347
24	126
24	102
24	179
24	365
24	365
24	489
24	12
24	387
24	259
24	325
24	30
24	37
24	3
24	43
24	68
24	282
24	317
24	137
24	39
24	298
25	449
25	279
25	54
25	5
25	395
25	420
25	64
25	466
25	103
25	394
25	29
25	162
25	57
25	70
25	282
25	178
25	385
25	472
25	52
25	8
25	260
25	114
25	306
25	70
25	333
25	3
25	418
25	20
25	42
25	394
25	159
25	212
25	59
25	2
25	265
25	97
25	495
25	6
25	237
25	201
25	10
25	89
25	429
25	390
25	141
25	368
26	412
26	15
26	349
26	442
26	255
26	58
26	349
26	433
26	62
26	456
26	151
26	1
26	481
26	469
26	329
26	328
26	60
26	81
26	368
26	79
26	358
26	152
26	164
26	458
26	8
26	97
26	27
26	157
26	155
26	181
26	46
26	25
26	6
26	52
26	367
26	196
26	101
26	368
26	6
26	19
26	18
26	411
26	82
26	90
27	6
27	75
27	11
27	206
27	131
27	455
27	8
27	390
27	8
27	44
27	402
27	272
27	157
27	283
27	82
27	398
27	2
27	17
27	71
27	444
27	203
27	170
27	74
27	130
27	429
27	79
27	325
27	172
27	357
27	160
27	261
27	83
27	75
27	477
27	305
27	293
27	43
27	18
27	32
27	449
27	185
27	412
27	15
27	157
27	33
27	307
28	29
28	53
28	135
28	223
28	34
28	380
28	33
28	2
28	125
28	66
28	144
28	198
28	201
28	199
28	88
28	10
28	102
28	71
28	90
28	366
28	11
28	353
28	210
28	232
28	17
28	430
28	282
28	238
28	415
28	158
28	55
28	6
28	310
28	38
28	347
28	382
28	365
28	224
28	275
28	90
29	130
29	480
29	171
29	421
29	161
29	0
29	16
29	35
29	400
29	12
29	62
29	269
29	144
29	129
29	326
29	426
29	159
29	387
29	154
29	346
29	266
29	392
29	67
29	74
29	38
29	8
29	5
29	431
29	25
29	185
29	119
29	6
29	351
29	45
29	221
29	80
29	185
29	476
29	36
29	305
29	159
29	198
29	4
29	286
29	373
29	18
30	6
30	286
30	185
30	307
30	492
30	232
30	40
30	18
30	49
30	11
30	39
30	439
30	495
30	454
30	281
30	162
30	166
30	400
30	3
30	100
30	496
30	19
30	454
30	322
30	281
30	310
30	58
30	139
30	457
30	31
30	455
30	27
30	13
30	325
30	84
30	406
30	218
31	1
31	227
31	41
31	219
31	12
31	394
31	86
31	118
31	0
31	52
31	20
31	423
31	176
31	89
31	117
31	87
31	490
31	90
31	139
31	359
31	478
31	426
31	141
31	113
31	378
31	0
31	30
31	1
31	151
31	65
31	129
31	83
31	486
31	324
32	3
32	325
32	284
32	49
32	0
32	163
32	86
32	2
32	111
32	295
32	3
32	14
32	0
32	491
32	404
32	468
32	17
32	151
32	50
32	126
32	180
32	51
32	370
32	39
32	266
32	2
32	63
32	405
32	204
32	293
32	174
32	23
32	285
32	260
32	137
33	218
33	216
33	281
33	481
33	1
33	66
33	50
33	159
33	210
33	89
33	252
33	36
33	289
33	457
33	48
33	163
33	171
33	165
33	320
33	262
33	398
33	397
33	89
33	370
33	137
33	61
33	3
33	8
33	6
33	7
33	359
33	54
33	440
33	492
33	23
33	4
33	82
33	398
33	355
33	488
34	38
34	302
34	140
34	17
34	0
34	339
34	5
34	215
34	45
34	434
34	32
34	488
34	34
34	369
34	81
34	175
34	425
34	0
34	53
34	165
34	165
34	95
34	33
34	92
34	107
34	392
34	261
34	54
34	182
34	53
34	290
34	474
34	448
34	215
34	118
34	412
34	352
34	16
34	241
35	317
35	248
35	459
35	459
35	127
35	74
35	413
35	250
35	397
35	176
35	13
35	306
35	17
35	1
35	13
35	0
35	420
35	22
35	9
35	54
35	398
35	5
35	217
35	10
35	197
35	214
35	346
35	117
35	234
35	46
35	8
35	8
35	8
35	107
36	0
36	18
36	95
36	173
36	18
36	464
36	458
36	93
36	490
36	32
36	88
36	27
36	34
36	448
36	104
36	311
36	32
36	289
36	491
36	5
36	63
36	120
36	356
36	23
36	25
36	174
36	256
36	320
36	175
36	184
36	150
36	346
36	12
36	82
36	19
36	118
36	132
36	284
36	61
36	318
36	462
36	112
37	4
37	395
37	144
37	54
37	9
37	59
37	0
37	231
37	238
37	210
37	63
37	158
37	382
37	151
37	32
37	156
37	135
37	401
37	436
37	77
37	255
37	276
37	387
37	418
37	5
37	6
37	111
37	74
37	94
37	239
37	369
37	193
37	337
37	36
37	65
37	19
37	301
37	446
37	136
37	121
37	172
37	416
37	38
38	261
38	0
38	408
38	39
38	131
38	95
38	385
38	310
38	9
38	70
38	30
38	50
38	245
38	156
38	109
38	349
38	149
38	90
38	36
38	141
38	39
38	166
38	151
38	163
38	266
38	25
38	5
38	26
38	21
38	75
38	365
38	425
38	41
38	257
38	142
38	86
38	458
38	78
38	35
38	455
38	89
39	463
39	22
39	126
39	57
39	49
39	6
39	7
39	252
39	95
39	167
39	361
39	125
39	283
39	176
39	221
39	350
39	19
39	126
39	178
39	211
39	8
39	416
39	499
39	59
39	162
39	113
39	147
39	7
39	441
39	306
39	456
39	131
39	101
39	17
39	429
39	115
39	11
39	19
39	129
39	476
40	370
40	116
40	304
40	14
40	10
40	472
40	14
40	7
40	4
40	2
40	243
40	367
40	481
40	23
40	17
40	200
40	8
40	272
40	149
40	33
40	167
40	82
40	62
40	65
40	26
40	177
40	110
40	34
40	227
40	176
40	372
40	56
40	475
40	412
40	300
40	245
40	141
40	38
41	82
41	490
41	32
41	53
41	7
41	322
41	47
41	311
41	13
41	316
41	109
41	159
41	379
41	148
41	19
41	373
41	181
41	428
41	209
41	10
41	51
41	19
41	79
41	81
41	15
41	252
41	438
41	73
41	95
41	302
41	16
41	106
41	47
41	8
41	66
41	365
41	49
41	38
41	207
41	12
41	53
42	326
42	23
42	9
42	34
42	494
42	438
42	12
42	18
42	248
42	91
42	124
42	104
42	19
42	10
42	169
42	11
42	302
42	264
42	218
42	89
42	164
42	372
42	313
42	232
42	446
42	12
42	4
42	410
42	9
42	85
42	31
42	82
42	274
42	362
42	57
42	322
42	363
42	28
42	135
43	360
43	76
43	155
43	11
43	8
43	385
43	174
43	445
43	0
43	267
43	177
43	304
43	151
43	5
43	434
43	274
43	155
43	295
43	67
43	96
43	127
43	234
43	144
43	55
43	111
43	224
43	10
43	398
43	7
43	305
43	488
43	124
43	4
43	1
43	43
43	228
43	286
43	7
43	7
43	70
43	306
43	61
43	334
43	29
44	18
44	343
44	348
44	40
44	427
44	251
44	384
44	101
44	155
44	50
44	79
44	93
44	13
44	422
44	453
44	274
44	0
44	398
44	44
44	70
44	4
44	67
44	138
44	0
44	411
44	404
44	433
44	13
44	57
44	74
44	60
44	149
44	444
44	109
44	179
44	93
44	208
44	35
44	20
44	103
44	220
45	156
45	3
45	378
45	18
45	151
45	29
45	156
45	11
45	220
45	452
45	320
45	233
45	0
45	45
45	64
45	313
45	42
45	79
45	353
45	63
45	2
45	8
45	360
45	144
45	24
45	437
45	424
45	151
45	406
45	10
45	46
45	424
45	11
45	388
45	2
45	2
46	454
46	25
46	281
46	499
46	3
46	317
46	194
46	171
46	242
46	231
46	290
46	198
46	332
46	173
46	498
46	444
46	1
46	74
46	459
46	379
46	2
46	40
46	47
46	448
46	420
46	297
46	94
46	290
46	136
46	415
46	242
46	2
46	485
46	475
46	75
46	61
46	37
46	249
46	6
46	6
46	373
46	277
46	142
46	237
46	446
47	23
47	246
47	395
47	72
47	26
47	225
47	145
47	97
47	19
47	8
47	51
47	208
47	135
47	9
47	263
47	101
47	22
47	359
47	137
47	2
47	22
47	258
47	118
47	10
47	56
47	40
47	350
47	34
47	436
47	183
47	18
47	0
47	222
48	154
48	395
48	412
48	177
48	484
48	74
48	467
48	2
48	129
48	5
48	319
48	292
48	7
48	344
48	495
48	364
48	304
48	21
48	194
48	4
48	194
48	28
48	93
48	348
48	134
48	230
48	48
48	251
48	14
48	308
48	24
48	54
48	324
48	38
48	394
48	58
48	21
48	95
48	335
48	0
48	353
48	498
48	12
49	68
49	39
49	437
49	319
49	113
49	176
49	17
49	380
49	267
49	180
49	386
49	418
49	341
49	118
49	22
49	393
49	7
49	173
49	467
49	320
49	37
49	489
49	339
49	288
49	179
49	142
49	492
49	304
49	3
49	360
49	88
49	125
49	286
49	283
49	141
49	19
49	465
49	95
49	270
49	295
49	112
49	315
49	80
49	438
50	290
50	35
50	26
50	79
50	14
50	167
50	10
50	304
50	475
50	84
50	359
50	27
50	105
50	157
50	13
50	6
50	116
50	339
50	434
50	224
50	444
50	13
50	144
50	41
50	141
50	245
50	155
50	13
50	336
50	46
50	499
50	9
50	80
50	282
50	125
50	484
50	387
50	190
50	86
50	247
50	169
50	27
51	181
51	270
51	301
51	215
51	29
51	62
51	99
51	6
51	123
51	0
51	17
51	36
51	222
51	178
51	258
51	202
51	64
51	65
51	45
51	419
51	481
51	86
51	216
51	20
51	343
51	20
51	479
51	191
51	9
51	230
51	496
51	123
51	394
51	340
51	54
51	236
52	374
52	65
52	0
52	440
52	71
52	7
52	92
52	201
52	322
52	75
52	1
52	27
52	115
52	274
52	335
52	375
52	171
52	22
52	150
52	33
52	66
52	137
52	306
52	353
52	87
52	241
52	340
52	382
52	376
52	14
52	28
52	474
52	483
52	301
52	69
52	65
52	270
52	135
52	94
52	273
52	250
52	481
52	281
52	22
52	431
52	274
52	1
52	421
53	54
53	472
53	149
53	445
53	11
53	193
53	467
53	0
53	423
53	12
53	335
53	455
53	21
53	172
53	137
53	230
53	91
53	157
53	395
53	126
53	18
53	485
53	384
53	23
53	467
53	200
53	157
53	73
53	224
53	4
53	65
53	341
53	174
53	470
53	2
53	16
53	426
53	144
54	49
54	394
54	486
54	285
54	44
54	255
54	106
54	66
54	475
54	455
54	39
54	445
54	14
54	8
54	359
54	474
54	332
54	113
54	49
54	15
54	10
54	20
54	445
54	50
54	165
54	317
54	47
54	17
54	45
54	35
54	11
54	16
54	372
54	244
54	480
55	80
55	64
55	0
55	193
55	358
55	89
55	2
55	0
55	139
55	289
55	75
55	64
55	7
55	57
55	80
55	357
55	109
55	91
55	189
55	31
55	53
55	94
55	100
55	475
55	165
55	14
55	402
55	48
55	13
55	465
55	22
55	335
55	236
55	110
55	402
55	0
55	43
55	371
55	1
55	165
56	148
56	43
56	318
56	91
56	21
56	172
56	103
56	421
56	227
56	71
56	5
56	2
56	120
56	472
56	398
56	0
56	199
56	240
56	29
56	116
56	314
56	62
56	407
56	280
56	44
56	50
56	85
56	133
56	460
56	43
56	8
56	217
56	197
56	494
56	122
56	107
56	60
56	372
56	422
56	3
56	468
56	436
56	0
57	46
57	314
57	78
57	1
57	18
57	2
57	93
57	51
57	5
57	48
57	34
57	47
57	162
57	417
57	430
57	48
57	185
57	115
57	141
57	3
57	116
57	178
57	59
57	322
57	108
57	67
57	3
57	132
57	22
57	170
57	48
57	16
57	213
57	45
57	380
57	47
57	61
57	370
57	73
57	215
57	2
57	136
58	20
58	247
58	402
58	30
58	488
58	209
58	60
58	45
58	42
58	2
58	196
58	178
58	315
58	410
58	31
58	90
58	128
58	1
58	475
58	296
58	53
58	183
58	70
58	423
58	473
58	40
58	154
58	80
58	396
58	10
58	455
58	98
58	223
58	489
58	258
58	41
59	131
59	280
59	475
59	253
59	189
59	144
59	17
59	107
59	7
59	451
59	358
59	440
59	193
59	217
59	221
59	72
59	34
59	250
59	43
59	50
59	15
59	0
59	40
59	4
59	495
59	21
59	232
59	89
59	20
59	0
59	18
59	430
59	118
59	70
59	24
59	318
59	120
59	94
60	10
60	49
60	343
60	34
60	12
60	299
60	75
60	383
60	399
60	159
60	294
60	123
60	485
60	4
60	91
60	55
60	442
60	0
60	0
60	11
60	7
60	69
60	298
60	341
60	361
60	309
60	20
60	27
60	91
60	353
60	238
60	301
60	0
60	111
60	223
60	311
60	416
60	120
61	192
61	60
61	2
61	189
61	0
61	31
61	75
61	60
61	57
61	50
61	236
61	0
61	28
61	351
61	69
61	40
61	25
61	31
61	314
61	7
61	120
61	192
61	73
61	393
61	422
61	34
61	344
61	145
61	225
61	436
61	355
61	19
61	268
61	144
61	262
61	20
61	85
61	40
61	44
62	40
62	62
62	46
62	47
62	357
62	402
62	127
62	391
62	0
62	27
62	4
62	53
62	61
62	43
62	70
62	1
62	172
62	32
62	66
62	0
62	313
62	29
62	204
62	0
62	50
62	174
62	306
62	10
62	310
62	442
62	490
62	178
62	32
62	32
63	418
63	225
63	203
63	219
63	450
63	5
63	76
63	31
63	6
63	350
63	86
63	162
63	2
63	292
63	39
63	205
63	108
63	18
63	289
63	186
63	97
63	248
63	306
63	354
63	163
63	129
63	36
63	126
63	50
63	75
63	412
63	422
63	99
63	4
63	323
63	462
63	451
63	23
63	40
63	384
63	96
64	296
64	250
64	59
64	137
64	112
64	49
64	379
64	70
64	79
64	9
64	99
64	12
64	0
64	76
64	17
64	9
64	419
64	491
64	368
64	1
64	102
64	269
64	60
64	82
64	21
64	376
64	452
64	337
64	25
64	58
64	83
64	43
64	494
64	0
64	2
64	69
64	120
64	226
64	232
64	1
64	35
64	408
65	305
65	164
65	87
65	145
65	21
65	15
65	463
65	431
65	38
65	430
65	0
65	200
65	353
65	98
65	406
65	338
65	72
65	35
65	27
65	218
65	212
65	391
65	149
65	0
65	25
65	8
65	31
65	299
65	4
65	181
65	0
65	216
65	12
65	104
66	345
66	0
66	23
66	424
66	84
66	451
66	15
66	163
66	331
66	1
66	162
66	82
66	208
66	138
66	420
66	224
66	483
66	338
66	467
66	158
66	4
66	207
66	12
66	63
66	113
66	158
66	8
66	110
66	0
66	24
66	3
66	335
66	128
66	48
66	121
66	110
66	0
66	273
66	4
66	318
66	5
67	3
67	52
67	254
67	439
67	137
67	314
67	50
67	294
67	14
67	247
67	29
67	80
67	400
67	14
67	0
67	121
67	398
67	170
67	412
67	22
67	168
67	196
67	85
67	392
67	301
67	243
67	24
67	0
67	121
67	438
67	22
67	96
67	431
67	111
67	414
67	18
67	471
67	80
68	9
68	18
68	63
68	124
68	2
68	80
68	1
68	378
68	75
68	385
68	1
68	21
68	316
68	2
68	433
68	63
68	144
68	320
68	111
68	155
68	312
68	54
68	47
68	97
68	3
68	13
68	246
68	26
68	201
68	179
68	486
68	130
68	138
68	348
68	3
68	73
68	62
68	402
68	377
68	303
68	254
68	49
69	203
69	1
69	107
69	382
69	6
69	119
69	459
69	334
69	495
69	361
69	427
69	38
69	122
69	358
69	58
69	149
69	26
69	16
69	164
69	139
69	0
69	82
69	120
69	134
69	10
69	228
69	232
69	68
69	5
69	7
69	190
69	239
69	184
69	18
69	2
69	436
69	9
69	42
69	50
70	481
70	275
70	138
70	439
70	253
70	33
70	421
70	410
70	424
70	101
70	485
70	417
70	433
70	221
70	132
70	0
70	31
70	248
70	52
70	69
70	486
70	86
70	0
70	138
70	96
70	232
70	86
70	491
70	68
70	11
70	302
70	91
70	345
70	469
70	17
70	7
70	0
70	236
70	19
70	49
70	37
70	278
71	126
71	429
71	31
71	169
71	6
71	382
71	25
71	318
71	134
71	11
71	6
71	59
71	317
71	34
71	21
71	351
71	145
71	205
71	366
71	127
71	141
71	24
71	36
71	429
71	308
71	168
71	348
71	371
71	66
71	112
71	370
71	233
71	314
71	335
71	33
71	389
71	102
71	7
72	6
72	7
72	90
72	0
72	181
72	217
72	93
72	4
72	229
72	27
72	223
72	28
72	388
72	4
72	451
72	229
72	55
72	63
72	125
72	40
72	64
72	64
72	0
72	305
72	37
72	480
72	375
72	301
72	115
72	120
72	421
72	211
72	201
72	5
72	55
72	150
72	413
72	386
72	221
72	392
72	210
72	34
73	374
73	44
73	5
73	2
73	222
73	1
73	213
73	342
73	488
73	61
73	239
73	387
73	305
73	81
73	222
73	349
73	59
73	81
73	182
73	422
73	251
73	45
73	55
73	3
73	405
73	493
73	488
73	7
73	382
73	143
73	109
74	372
74	0
74	434
74	468
74	188
74	0
74	128
74	98
74	4
74	394
74	166
74	324
74	19
74	12
74	411
74	19
74	3
74	94
74	47
74	56
74	53
74	99
74	196
74	206
74	402
74	299
74	81
74	308
74	7
74	148
74	240
74	170
74	9
75	484
75	240
75	236
75	4
75	38
75	244
75	233
75	331
75	36
75	32
75	3
75	60
75	89
75	0
75	354
75	36
75	21
75	410
75	54
75	213
75	72
75	271
75	14
75	219
75	49
75	3
75	145
75	161
75	320
75	242
75	97
75	18
75	455
75	76
75	16
75	92
75	107
75	409
75	124
75	40
75	346
76	14
76	1
76	499
76	1
76	311
76	36
76	62
76	4
76	165
76	133
76	17
76	154
76	75
76	33
76	282
76	322
76	3
76	429
76	183
76	31
76	301
76	156
76	21
76	0
76	134
76	269
76	269
76	468
76	43
76	390
76	311
76	435
77	424
77	30
77	53
77	373
77	254
77	19
77	0
77	206
77	448
77	168
77	44
77	76
77	110
77	307
77	4
77	173
77	110
77	469
77	267
77	10
77	119
77	413
77	301
77	17
77	162
77	84
77	5
77	27
77	56
77	177
77	340
77	12
77	116
77	113
77	183
77	2
77	145
77	311
77	23
77	124
77	195
77	305
77	88
77	96
77	143
77	11
77	288
77	337
77	488
77	86
78	268
78	214
78	93
78	154
78	113
78	49
78	377
78	5
78	377
78	105
78	215
78	57
78	379
78	355
78	406
78	34
78	268
78	432
78	457
78	81
78	218
78	236
78	378
78	382
78	44
78	99
78	285
78	258
78	171
78	3
78	8
78	25
78	4
78	112
78	15
78	97
78	299
78	229
78	117
79	179
79	344
79	434
79	459
79	12
79	29
79	9
79	111
79	157
79	86
79	61
79	290
79	204
79	462
79	2
79	360
79	127
79	110
79	178
79	466
79	14
79	71
79	200
79	478
79	148
79	140
79	247
79	107
79	161
79	480
79	108
79	116
79	449
79	425
79	93
79	93
79	13
79	27
79	17
79	399
79	241
79	0
79	366
79	458
79	125
80	385
80	15
80	411
80	177
80	492
80	5
80	30
80	118
80	0
80	165
80	0
80	236
80	280
80	393
80	204
80	53
80	342
80	274
80	82
80	21
80	12
80	299
80	0
80	85
80	140
80	125
80	421
80	145
80	90
80	379
80	237
80	401
80	160
80	5
80	26
80	25
80	170
80	410
80	33
80	373
80	17
80	134
81	120
81	116
81	138
81	97
81	73
81	6
81	248
81	112
81	483
81	16
81	186
81	314
81	113
81	4
81	356
81	240
81	3
81	0
81	11
81	12
81	224
81	90
81	125
81	348
81	193
81	157
81	166
81	324
81	76
81	2
81	384
81	50
81	88
81	387
81	0
81	11
81	197
81	16
82	325
82	495
82	20
82	257
82	389
82	131
82	1
82	440
82	348
82	81
82	283
82	368
82	393
82	143
82	149
82	43
82	53
82	255
82	228
82	12
82	237
82	192
82	289
82	497
82	209
82	21
82	357
82	296
82	94
82	4
82	302
82	304
82	1
82	239
82	53
82	457
82	239
82	140
82	0
82	451
83	28
83	137
83	78
83	57
83	8
83	347
83	4
83	173
83	6
83	19
83	1
83	128
83	178
83	376
83	184
83	125
83	316
83	1
83	6
83	476
83	143
83	238
83	4
83	97
83	157
83	172
83	169
83	14
83	260
83	217
83	8
83	33
83	42
83	159
83	19
83	280
83	6
83	8
83	336
83	300
83	338
83	398
