27	18
27	41
27	31
27	0
27	23
27	46
27	4
27	44
27	13
27	10
27	2
27	32
27	37
27	1
27	47
27	10
27	6
27	8
27	24
27	0
27	25
27	8
27	20
27	6
27	2
27	3
27	39
27	13
27	16
27	3
27	44
27	0
27	3
27	48
27	32
27	8
27	7
27	11
28	38
28	3
28	25
28	5
28	0
28	2
28	26
28	33
28	7
28	2
28	0
28	5
28	39
28	4
28	46
28	11
28	11
28	7
28	37
28	21
28	7
28	42
28	14
28	15
28	17
28	4
28	11
28	42
28	4
28	0
28	46
28	6
28	27
28	13
28	2
28	0
28	40
28	0
28	16
28	36
28	13
29	9
29	0
29	6
29	14
29	46
29	34
29	0
29	0
29	33
29	12
29	18
29	2
29	5
29	4
29	0
29	3
29	36
29	0
29	35
29	3
29	6
29	34
29	13
29	16
29	7
29	32
29	28
29	2
29	20
29	40
29	6
29	2
29	2
29	0
29	29
29	40
29	12
30	35
30	3
30	13
30	43
30	6
30	49
30	18
30	1
30	14
30	18
30	35
30	12
30	7
30	0
30	28
30	19
30	46
30	13
30	9
30	2
30	9
30	31
30	44
30	34
30	0
30	5
30	17
30	18
30	0
30	7
30	31
30	17
30	49
30	0
30	0
30	30
30	4
30	3
30	8
30	36
31	15
31	32
31	8
31	6
31	48
31	19
31	42
31	49
31	34
31	18
31	42
31	36
31	2
31	20
31	7
31	6
31	24
31	42
31	34
31	27
31	34
31	1
31	2
31	11
31	17
31	30
31	12
31	0
31	2
31	12
31	1
31	2
31	2
31	4
31	5
31	0
31	20
31	1
32	28
32	16
32	1
32	4
32	0
32	3
32	10
32	25
32	8
32	24
32	20
32	26
32	2
32	8
32	35
32	20
32	15
32	13
32	46
32	28
32	45
32	34
32	27
32	48
32	36
32	47
32	3
32	3
32	44
32	1
32	4
32	1
32	13
32	17
32	2
32	33
32	1
32	4
32	0
32	1
33	46
33	17
33	39
33	34
33	2
33	36
33	7
33	0
33	0
33	17
33	7
33	26
33	48
33	37
33	3
33	5
33	6
33	6
33	3
33	17
33	23
33	41
33	47
33	38
33	47
33	30
33	7
33	4
33	27
33	8
33	4
33	15
33	12
34	23
34	43
34	47
34	2
34	42
34	2
34	2
34	19
34	11
34	45
34	7
34	48
34	22
34	1
34	5
34	9
34	17
34	2
34	7
34	24
34	23
34	9
34	14
34	36
34	2
34	16
34	23
34	3
34	24
34	4
34	45
34	46
34	5
34	2
34	10
35	42
35	4
35	38
35	46
35	0
35	16
35	4
35	0
35	8
35	12
35	4
35	8
35	49
35	0
35	40
35	2
35	17
35	4
35	8
35	25
35	34
35	17
35	23
35	4
35	21
35	38
35	14
35	12
35	8
35	30
35	38
35	42
35	29
35	35
35	2
35	44
35	46
35	35
35	28
35	45
