45	2
45	24
45	1
45	6
45	0
45	7
45	5
45	12
45	17
45	33
45	46
45	42
45	47
45	33
45	42
45	1
45	37
45	21
45	45
45	30
45	8
45	49
45	3
45	4
45	11
45	2
45	10
45	2
45	5
45	17
45	6
45	37
45	35
45	17
45	27
45	34
45	10
46	41
46	1
46	10
46	22
46	11
46	15
46	5
46	14
46	6
46	42
46	6
46	8
46	1
46	1
46	0
46	0
46	33
46	48
46	12
46	15
46	33
46	1
46	1
46	44
46	2
46	37
46	8
46	16
46	41
46	25
46	43
46	0
46	38
46	1
46	45
46	20
46	21
46	17
46	46
46	39
46	5
46	2
46	38
46	0
46	47
47	46
47	13
47	29
47	18
47	41
47	16
47	13
47	5
47	12
47	37
47	38
47	10
47	34
47	0
47	48
47	17
47	4
47	0
47	37
47	34
47	17
47	48
47	46
47	14
47	26
47	11
47	1
47	1
47	8
47	0
47	43
47	34
47	31
47	42
47	25
47	9
47	1
47	37
47	0
48	1
48	27
48	49
48	42
48	18
48	1
48	37
48	2
48	0
48	10
48	8
48	25
48	0
48	8
48	21
48	35
48	23
48	0
48	0
48	1
48	33
48	22
48	38
48	11
48	6
48	0
48	8
48	5
48	31
48	2
48	32
48	9
48	31
48	4
48	40
48	39
48	40
48	6
48	24
48	4
48	20
48	4
48	17
48	3
48	0
48	30
48	12
49	37
49	37
49	40
49	17
49	0
49	17
49	46
49	6
49	1
49	48
49	17
49	2
49	34
49	17
49	4
49	22
49	40
49	28
49	38
49	6
49	5
49	9
49	2
49	0
49	13
49	35
49	8
49	2
49	1
49	30
49	10
49	6
