18	23
18	0
18	0
18	42
18	4
18	45
18	3
18	2
18	43
18	2
18	40
18	36
18	2
18	20
18	43
18	16
18	3
18	30
18	19
18	0
18	0
18	33
18	4
18	6
18	40
18	36
18	3
18	1
18	9
18	1
18	12
18	33
18	42
18	37
18	29
18	38
18	4
18	5
18	19
18	12
18	7
18	5
18	35
19	17
19	4
19	2
19	10
19	29
19	43
19	17
19	31
19	48
19	43
19	48
19	4
19	1
19	26
19	22
19	32
19	17
19	39
19	42
19	8
19	45
19	1
19	1
19	15
19	1
19	7
19	8
19	13
19	24
19	25
19	0
19	1
19	2
19	12
19	22
19	4
19	43
19	39
20	36
20	24
20	8
20	12
20	5
20	23
20	46
20	40
20	18
20	15
20	0
20	15
20	0
20	8
20	6
20	27
20	2
20	42
20	0
20	21
20	47
20	21
20	17
20	35
20	0
20	2
20	32
20	7
20	12
20	36
20	17
20	22
20	12
20	35
20	17
20	46
20	7
20	16
20	49
20	14
20	32
20	31
20	39
21	2
21	31
21	2
21	15
21	8
21	2
21	23
21	14
21	37
21	6
21	0
21	17
21	11
21	21
21	9
21	45
21	1
21	31
21	0
21	0
21	1
21	38
21	40
21	3
21	39
21	27
21	42
21	5
21	8
21	1
21	17
21	22
21	21
21	13
21	6
21	0
21	5
21	44
21	30
21	2
22	2
22	8
22	4
22	12
22	2
22	12
22	13
22	28
22	10
22	4
22	45
22	2
22	35
22	31
22	2
22	46
22	7
22	9
22	44
22	6
22	17
22	16
22	47
22	0
22	10
22	1
22	18
22	33
22	8
22	38
22	0
22	4
22	1
22	36
22	30
22	4
22	0
22	29
22	0
23	27
23	45
23	7
23	46
23	5
23	3
23	3
23	0
23	0
23	6
23	19
23	25
23	2
23	31
23	25
23	40
23	18
23	41
23	10
23	23
23	1
23	41
23	42
23	2
23	5
23	8
23	27
23	37
23	11
23	2
23	43
23	10
23	24
23	0
23	34
23	48
23	4
23	18
23	30
23	1
24	10
24	32
24	28
24	40
24	37
24	1
24	19
24	28
24	24
24	19
24	5
24	1
24	6
24	6
24	1
24	46
24	9
24	15
24	21
24	20
24	6
24	14
24	29
24	15
24	0
24	34
24	9
24	8
24	8
24	34
24	48
24	39
24	40
24	4
24	29
24	4
24	24
24	3
24	39
24	32
24	36
25	25
25	46
25	22
25	6
25	5
25	1
25	4
25	18
25	13
25	3
25	1
25	32
25	0
25	3
25	7
25	3
25	41
25	30
25	2
25	24
25	28
25	8
25	9
25	36
25	13
25	21
25	27
25	3
25	13
25	45
25	21
25	23
25	33
25	44
25	8
25	4
25	2
25	1
25	0
25	11
25	7
26	36
26	0
26	1
26	13
26	6
26	9
26	7
26	14
26	32
26	37
26	5
26	15
26	0
26	38
26	34
26	14
26	3
26	0
26	9
26	14
26	26
26	23
26	0
26	1
26	6
26	27
26	0
26	11
26	44
26	11
26	49
26	19
26	5
26	10
26	6
26	8
26	13
