9	5
9	28
9	0
9	33
9	14
9	34
9	5
9	1
9	18
9	25
9	32
9	17
9	19
9	1
9	1
9	0
9	45
9	4
9	37
9	31
9	37
9	37
9	4
9	0
9	36
9	28
9	1
9	23
9	10
9	1
9	2
9	14
9	1
9	2
9	40
9	15
9	46
9	45
9	30
10	31
10	2
10	2
10	19
10	44
10	15
10	48
10	9
10	5
10	20
10	49
10	31
10	9
10	3
10	1
10	0
10	5
10	33
10	48
10	24
10	31
10	1
10	39
10	3
10	10
10	24
10	26
10	14
10	11
10	29
10	33
10	43
10	9
10	0
10	44
11	22
11	45
11	7
11	27
11	18
11	17
11	45
11	22
11	10
11	2
11	2
11	21
11	0
11	12
11	33
11	1
11	21
11	28
11	7
11	34
11	11
11	13
11	12
11	34
11	20
11	46
11	0
11	3
11	12
11	43
11	4
11	7
11	11
11	0
11	5
11	7
11	0
11	26
11	24
11	15
12	37
12	8
12	41
12	1
12	4
12	42
12	6
12	45
12	38
12	25
12	23
12	13
12	15
12	1
12	46
12	15
12	49
12	49
12	4
12	26
12	4
12	22
12	22
12	30
12	49
12	17
12	6
12	17
12	8
12	3
12	4
12	22
12	43
12	17
12	12
12	3
12	40
13	19
13	7
13	2
13	4
13	32
13	42
13	41
13	0
13	35
13	14
13	35
13	33
13	0
13	5
13	49
13	2
13	43
13	0
13	18
13	35
13	1
13	47
13	20
13	6
13	13
13	31
13	28
13	0
13	11
13	5
13	25
13	23
13	8
13	20
13	44
13	7
13	0
14	12
14	1
14	8
14	29
14	2
14	18
14	24
14	13
14	45
14	6
14	34
14	6
14	39
14	9
14	44
14	5
14	46
14	22
14	43
14	28
14	5
14	32
14	2
14	28
14	33
14	0
14	0
14	22
14	4
14	16
14	2
14	30
14	11
14	5
14	0
14	24
14	8
14	21
14	30
14	0
14	48
14	8
14	20
14	16
15	7
15	5
15	25
15	7
15	7
15	5
15	1
15	33
15	0
15	35
15	4
15	6
15	2
15	27
15	8
15	1
15	12
15	18
15	13
15	34
15	18
15	31
15	6
15	2
15	4
15	1
15	11
15	46
15	23
15	0
15	1
15	1
15	44
15	23
15	2
15	16
15	33
15	16
16	1
16	38
16	32
16	35
16	27
16	25
16	25
16	28
16	1
16	1
16	20
16	2
16	38
16	18
16	2
16	22
16	28
16	49
16	27
16	3
16	17
16	15
16	11
16	0
16	33
16	1
16	47
16	46
16	16
16	8
16	1
16	31
16	10
16	10
16	28
16	47
16	3
16	28
16	36
16	13
16	37
17	19
17	15
17	16
17	21
17	38
17	2
17	9
17	7
17	32
17	7
17	30
17	41
17	29
17	0
17	1
17	11
17	40
17	24
17	1
17	44
17	4
17	8
17	0
17	37
17	19
17	38
17	2
17	27
17	13
17	2
17	3
17	2
17	46
17	45
17	30
17	15
17	1
17	23
17	39
17	43
17	31
17	42
17	17
17	30
17	35
17	43
