36	46
36	6
36	23
36	21
36	43
36	17
36	1
36	30
36	35
36	30
36	26
36	21
36	31
36	28
36	11
36	37
36	46
36	7
36	0
36	2
36	27
36	12
36	9
36	29
36	0
36	28
36	14
36	1
36	16
36	2
36	16
36	25
36	0
36	6
36	43
36	30
36	17
36	26
36	1
37	0
37	16
37	44
37	48
37	0
37	8
37	43
37	26
37	20
37	1
37	39
37	0
37	15
37	5
37	42
37	10
37	47
37	38
37	2
37	26
37	37
37	4
37	29
37	2
37	41
37	22
37	35
37	5
37	25
37	1
37	15
37	2
37	2
37	22
37	44
37	43
37	5
37	17
37	6
37	1
37	0
38	48
38	2
38	8
38	21
38	2
38	24
38	16
38	0
38	29
38	35
38	4
38	7
38	28
38	0
38	0
38	4
38	6
38	17
38	1
38	21
38	38
38	18
38	22
38	11
38	19
38	38
38	33
38	29
38	20
38	45
38	11
38	0
38	27
38	2
38	46
38	3
38	0
38	34
38	4
38	0
38	16
38	12
38	36
38	7
38	36
38	10
38	42
38	1
38	18
39	2
39	44
39	44
39	31
39	31
39	14
39	22
39	6
39	7
39	18
39	7
39	15
39	30
39	12
39	40
39	22
39	42
39	47
39	47
39	2
39	5
39	26
39	37
39	20
39	33
39	0
39	9
39	49
39	22
39	45
39	22
39	46
39	48
39	40
39	46
39	0
39	10
39	45
40	29
40	35
40	5
40	5
40	6
40	2
40	24
40	2
40	14
40	25
40	18
40	8
40	26
40	2
40	3
40	5
40	48
40	25
40	3
40	2
40	42
40	11
40	5
40	34
40	7
40	21
40	26
40	30
40	0
40	1
40	34
40	1
40	42
40	4
40	42
40	7
40	6
41	19
41	4
41	48
41	14
41	36
41	5
41	47
41	0
41	40
41	11
41	17
41	43
41	39
41	46
41	7
41	9
41	7
41	5
41	0
41	26
41	39
41	20
41	1
41	36
41	45
41	35
41	46
41	43
41	1
41	35
41	11
41	31
41	10
41	6
41	8
41	16
41	46
41	10
41	0
41	15
41	8
41	8
41	4
41	7
42	1
42	12
42	23
42	37
42	26
42	38
42	37
42	12
42	1
42	1
42	40
42	29
42	41
42	37
42	19
42	24
42	32
42	17
42	13
42	13
42	24
42	0
42	9
42	48
42	43
42	4
42	15
42	16
42	2
42	43
42	25
42	48
42	41
43	30
43	7
43	18
43	0
43	25
43	38
43	17
43	3
43	7
43	38
43	37
43	33
43	48
43	22
43	46
43	0
43	4
43	32
43	13
43	34
43	1
43	0
43	32
43	30
43	19
43	0
43	30
43	1
43	48
43	4
43	20
43	32
43	18
43	0
43	2
43	40
43	0
44	8
44	46
44	17
44	36
44	30
44	42
44	30
44	16
44	0
44	26
44	12
44	26
44	28
44	2
44	44
44	4
44	7
44	15
44	3
44	41
44	47
44	0
44	45
44	42
44	10
44	0
44	37
44	5
44	16
44	20
44	21
44	36
44	31
44	0
44	0
44	44
44	6
44	20
