0	2
0	25
0	16
0	25
0	46
0	25
0	44
0	31
0	19
0	45
0	12
0	43
0	41
0	2
0	4
0	33
0	1
0	3
0	14
0	17
0	49
0	29
0	17
0	7
0	11
0	32
0	40
0	11
0	23
0	46
0	45
0	41
0	16
0	42
0	1
0	10
0	31
0	4
0	3
1	10
1	14
1	41
1	46
1	11
1	10
1	15
1	38
1	47
1	16
1	19
1	47
1	3
1	45
1	22
1	43
1	10
1	1
1	4
1	2
1	9
1	18
1	40
1	28
1	3
1	33
1	36
1	6
1	0
1	35
1	9
1	15
1	1
1	19
1	14
1	25
1	10
1	1
1	36
1	0
1	13
1	29
2	35
2	0
2	38
2	28
2	21
2	10
2	1
2	12
2	25
2	0
2	29
2	36
2	2
2	4
2	30
2	9
2	18
2	16
2	17
2	33
2	8
2	0
2	28
2	1
2	2
2	1
2	18
2	1
2	45
2	14
2	22
2	12
2	5
2	7
2	15
2	15
2	33
2	36
2	15
2	2
2	4
2	24
3	15
3	28
3	45
3	18
3	46
3	28
3	38
3	16
3	12
3	3
3	2
3	11
3	4
3	9
3	3
3	20
3	11
3	41
3	1
3	5
3	30
3	29
3	28
3	9
3	1
3	13
3	33
3	29
3	33
3	44
3	21
3	4
3	49
3	12
3	7
3	20
3	0
3	46
3	41
3	12
4	0
4	12
4	25
4	6
4	0
4	22
4	13
4	9
4	31
4	10
4	39
4	37
4	6
4	48
4	2
4	40
4	22
4	10
4	3
4	3
4	43
4	7
4	15
4	47
4	15
4	5
4	13
4	1
4	13
4	6
4	25
4	8
4	18
4	29
4	9
4	14
4	31
4	2
5	1
5	11
5	16
5	3
5	0
5	0
5	26
5	2
5	13
5	3
5	15
5	7
5	5
5	0
5	1
5	4
5	32
5	15
5	2
5	25
5	38
5	44
5	30
5	1
5	16
5	48
5	42
5	21
5	0
5	4
5	11
5	41
5	32
5	0
5	47
5	43
5	7
5	23
5	0
6	5
6	39
6	12
6	9
6	31
6	37
6	9
6	1
6	13
6	18
6	38
6	10
6	0
6	24
6	12
6	8
6	22
6	39
6	33
6	1
6	18
6	30
6	27
6	8
6	37
6	27
6	44
6	45
6	44
6	27
6	17
6	5
6	0
6	42
6	10
7	40
7	19
7	8
7	40
7	43
7	5
7	36
7	19
7	1
7	16
7	22
7	4
7	1
7	41
7	2
7	0
7	31
7	41
7	6
7	30
7	29
7	1
7	21
7	27
7	12
7	6
7	7
7	48
7	28
7	46
7	22
7	0
7	39
7	0
7	18
8	0
8	25
8	29
8	39
8	6
8	22
8	44
8	46
8	1
8	25
8	27
8	6
8	14
8	35
8	38
8	28
8	47
8	33
8	4
8	6
8	1
8	19
8	49
8	30
8	13
8	11
8	17
8	36
8	0
8	33
8	0
8	44
8	2
8	46
8	29
8	15
